title,author,url,date,date_utc,post_likes,comment_count,views,comment,comment_likes,query_hashtag
Take a minute with Moxie to sit back and be present. 🧘 🤖 #moxierobot #socialemotionaldevelopment #playbasedlearning #robotsontiktok #emotionaldevelopmentforkids ,moxierobot,https://www.tiktok.com/@moxierobot/video/7332305290093743402,1707185393,2024-02-06 02:09:53,606,9,33500,we all want one lol but unaffordable I wish they were being tested in Enniskillen I'd be applying,12,moxierobot
Take a minute with Moxie to sit back and be present. 🧘 🤖 #moxierobot #socialemotionaldevelopment #playbasedlearning #robotsontiktok #emotionaldevelopmentforkids ,moxierobot,https://www.tiktok.com/@moxierobot/video/7332305290093743402,1707185393,2024-02-06 02:09:53,606,9,33500,She is a female Baymax from big hero 6,2,moxierobot
Take a minute with Moxie to sit back and be present. 🧘 🤖 #moxierobot #socialemotionaldevelopment #playbasedlearning #robotsontiktok #emotionaldevelopmentforkids ,moxierobot,https://www.tiktok.com/@moxierobot/video/7332305290093743402,1707185393,2024-02-06 02:09:53,606,9,33500,the fact that you cut the camera makes me think loading times for commands is too long and unengaging,1,moxierobot
Take a minute with Moxie to sit back and be present. 🧘 🤖 #moxierobot #socialemotionaldevelopment #playbasedlearning #robotsontiktok #emotionaldevelopmentforkids ,moxierobot,https://www.tiktok.com/@moxierobot/video/7332305290093743402,1707185393,2024-02-06 02:09:53,606,9,33500,@Simone:Ah quero um desse🥰será que tem versão português🤭?,0,moxierobot
Take a minute with Moxie to sit back and be present. 🧘 🤖 #moxierobot #socialemotionaldevelopment #playbasedlearning #robotsontiktok #emotionaldevelopmentforkids ,moxierobot,https://www.tiktok.com/@moxierobot/video/7332305290093743402,1707185393,2024-02-06 02:09:53,606,9,33500,🥰🥰🥰,0,moxierobot
Take a minute with Moxie to sit back and be present. 🧘 🤖 #moxierobot #socialemotionaldevelopment #playbasedlearning #robotsontiktok #emotionaldevelopmentforkids ,moxierobot,https://www.tiktok.com/@moxierobot/video/7332305290093743402,1707185393,2024-02-06 02:09:53,606,9,33500,@Hayden Barton,0,moxierobot
Take a minute with Moxie to sit back and be present. 🧘 🤖 #moxierobot #socialemotionaldevelopment #playbasedlearning #robotsontiktok #emotionaldevelopmentforkids ,moxierobot,https://www.tiktok.com/@moxierobot/video/7332305290093743402,1707185393,2024-02-06 02:09:53,606,9,33500,The interesting part..is I started breathing with MoxieRobot…good instructor 👍thanks Moxie 🌹,0,moxierobot
Take a minute with Moxie to sit back and be present. 🧘 🤖 #moxierobot #socialemotionaldevelopment #playbasedlearning #robotsontiktok #emotionaldevelopmentforkids ,moxierobot,https://www.tiktok.com/@moxierobot/video/7332305290093743402,1707185393,2024-02-06 02:09:53,606,9,33500,I wish I could get one!,0,moxierobot
Take a minute with Moxie to sit back and be present. 🧘 🤖 #moxierobot #socialemotionaldevelopment #playbasedlearning #robotsontiktok #emotionaldevelopmentforkids ,moxierobot,https://www.tiktok.com/@moxierobot/video/7332305290093743402,1707185393,2024-02-06 02:09:53,606,9,33500,how much does that robot cost?,0,moxierobot
✨ Moxie just got a big upgrade! 🥳 What's new? Watch our explainer video to find out. 👀 Want to join the Moxie family? Visit www.moxierobot.com to find out more and get yours. ❤️ #moxierobot #productupdate #moxie #aiforgood #childdevelopment #kidsdevelopment #socialemotionallearning #kidsproducts #companionrobots,moxierobot,https://www.tiktok.com/@moxierobot/video/7293571351279963435,1698166940,2023-10-24 17:02:20,1421,90,81300,Please make a Moxie for lonely elderly❤️,25,moxierobot
✨ Moxie just got a big upgrade! 🥳 What's new? Watch our explainer video to find out. 👀 Want to join the Moxie family? Visit www.moxierobot.com to find out more and get yours. ❤️ #moxierobot #productupdate #moxie #aiforgood #childdevelopment #kidsdevelopment #socialemotionallearning #kidsproducts #companionrobots,moxierobot,https://www.tiktok.com/@moxierobot/video/7293571351279963435,1698166940,2023-10-24 17:02:20,1421,90,81300,How can I save her data and make her still work since the company is closing?,0,moxierobot
✨ Moxie just got a big upgrade! 🥳 What's new? Watch our explainer video to find out. 👀 Want to join the Moxie family? Visit www.moxierobot.com to find out more and get yours. ❤️ #moxierobot #productupdate #moxie #aiforgood #childdevelopment #kidsdevelopment #socialemotionallearning #kidsproducts #companionrobots,moxierobot,https://www.tiktok.com/@moxierobot/video/7293571351279963435,1698166940,2023-10-24 17:02:20,1421,90,81300,rip moxie 😭😭,1,moxierobot
✨ Moxie just got a big upgrade! 🥳 What's new? Watch our explainer video to find out. 👀 Want to join the Moxie family? Visit www.moxierobot.com to find out more and get yours. ❤️ #moxierobot #productupdate #moxie #aiforgood #childdevelopment #kidsdevelopment #socialemotionallearning #kidsproducts #companionrobots,moxierobot,https://www.tiktok.com/@moxierobot/video/7293571351279963435,1698166940,2023-10-24 17:02:20,1421,90,81300,more affordable???,9,moxierobot
✨ Moxie just got a big upgrade! 🥳 What's new? Watch our explainer video to find out. 👀 Want to join the Moxie family? Visit www.moxierobot.com to find out more and get yours. ❤️ #moxierobot #productupdate #moxie #aiforgood #childdevelopment #kidsdevelopment #socialemotionallearning #kidsproducts #companionrobots,moxierobot,https://www.tiktok.com/@moxierobot/video/7293571351279963435,1698166940,2023-10-24 17:02:20,1421,90,81300,If this was for adults I’d buy in two seconds,2,moxierobot
✨ Moxie just got a big upgrade! 🥳 What's new? Watch our explainer video to find out. 👀 Want to join the Moxie family? Visit www.moxierobot.com to find out more and get yours. ❤️ #moxierobot #productupdate #moxie #aiforgood #childdevelopment #kidsdevelopment #socialemotionallearning #kidsproducts #companionrobots,moxierobot,https://www.tiktok.com/@moxierobot/video/7293571351279963435,1698166940,2023-10-24 17:02:20,1421,90,81300,So sad they are going offline,0,moxierobot
✨ Moxie just got a big upgrade! 🥳 What's new? Watch our explainer video to find out. 👀 Want to join the Moxie family? Visit www.moxierobot.com to find out more and get yours. ❤️ #moxierobot #productupdate #moxie #aiforgood #childdevelopment #kidsdevelopment #socialemotionallearning #kidsproducts #companionrobots,moxierobot,https://www.tiktok.com/@moxierobot/video/7293571351279963435,1698166940,2023-10-24 17:02:20,1421,90,81300,when can moxie be bought in the uk??,1,moxierobot
✨ Moxie just got a big upgrade! 🥳 What's new? Watch our explainer video to find out. 👀 Want to join the Moxie family? Visit www.moxierobot.com to find out more and get yours. ❤️ #moxierobot #productupdate #moxie #aiforgood #childdevelopment #kidsdevelopment #socialemotionallearning #kidsproducts #companionrobots,moxierobot,https://www.tiktok.com/@moxierobot/video/7293571351279963435,1698166940,2023-10-24 17:02:20,1421,90,81300,We need Moxie in Australia please,4,moxierobot
✨ Moxie just got a big upgrade! 🥳 What's new? Watch our explainer video to find out. 👀 Want to join the Moxie family? Visit www.moxierobot.com to find out more and get yours. ❤️ #moxierobot #productupdate #moxie #aiforgood #childdevelopment #kidsdevelopment #socialemotionallearning #kidsproducts #companionrobots,moxierobot,https://www.tiktok.com/@moxierobot/video/7293571351279963435,1698166940,2023-10-24 17:02:20,1421,90,81300,"Bu noooo, parents are the ones who shall help their children!",3,moxierobot
✨ Moxie just got a big upgrade! 🥳 What's new? Watch our explainer video to find out. 👀 Want to join the Moxie family? Visit www.moxierobot.com to find out more and get yours. ❤️ #moxierobot #productupdate #moxie #aiforgood #childdevelopment #kidsdevelopment #socialemotionallearning #kidsproducts #companionrobots,moxierobot,https://www.tiktok.com/@moxierobot/video/7293571351279963435,1698166940,2023-10-24 17:02:20,1421,90,81300,What are the securities on these? Unauthorized recording or sending images ? Hacking ?,6,moxierobot
✨ Moxie just got a big upgrade! 🥳 What's new? Watch our explainer video to find out. 👀 Want to join the Moxie family? Visit www.moxierobot.com to find out more and get yours. ❤️ #moxierobot #productupdate #moxie #aiforgood #childdevelopment #kidsdevelopment #socialemotionallearning #kidsproducts #companionrobots,moxierobot,https://www.tiktok.com/@moxierobot/video/7293571351279963435,1698166940,2023-10-24 17:02:20,1421,90,81300,We just got it for my sons Christmas present,2,moxierobot
✨ Moxie just got a big upgrade! 🥳 What's new? Watch our explainer video to find out. 👀 Want to join the Moxie family? Visit www.moxierobot.com to find out more and get yours. ❤️ #moxierobot #productupdate #moxie #aiforgood #childdevelopment #kidsdevelopment #socialemotionallearning #kidsproducts #companionrobots,moxierobot,https://www.tiktok.com/@moxierobot/video/7293571351279963435,1698166940,2023-10-24 17:02:20,1421,90,81300,this is better than the imaginary friend,1,moxierobot
✨ Moxie just got a big upgrade! 🥳 What's new? Watch our explainer video to find out. 👀 Want to join the Moxie family? Visit www.moxierobot.com to find out more and get yours. ❤️ #moxierobot #productupdate #moxie #aiforgood #childdevelopment #kidsdevelopment #socialemotionallearning #kidsproducts #companionrobots,moxierobot,https://www.tiktok.com/@moxierobot/video/7293571351279963435,1698166940,2023-10-24 17:02:20,1421,90,81300,We need this in uk,1,moxierobot
✨ Moxie just got a big upgrade! 🥳 What's new? Watch our explainer video to find out. 👀 Want to join the Moxie family? Visit www.moxierobot.com to find out more and get yours. ❤️ #moxierobot #productupdate #moxie #aiforgood #childdevelopment #kidsdevelopment #socialemotionallearning #kidsproducts #companionrobots,moxierobot,https://www.tiktok.com/@moxierobot/video/7293571351279963435,1698166940,2023-10-24 17:02:20,1421,90,81300,I actually need her like yesterday,0,moxierobot
✨ Moxie just got a big upgrade! 🥳 What's new? Watch our explainer video to find out. 👀 Want to join the Moxie family? Visit www.moxierobot.com to find out more and get yours. ❤️ #moxierobot #productupdate #moxie #aiforgood #childdevelopment #kidsdevelopment #socialemotionallearning #kidsproducts #companionrobots,moxierobot,https://www.tiktok.com/@moxierobot/video/7293571351279963435,1698166940,2023-10-24 17:02:20,1421,90,81300,I can’t wait to get this for my son,4,moxierobot
✨ Moxie just got a big upgrade! 🥳 What's new? Watch our explainer video to find out. 👀 Want to join the Moxie family? Visit www.moxierobot.com to find out more and get yours. ❤️ #moxierobot #productupdate #moxie #aiforgood #childdevelopment #kidsdevelopment #socialemotionallearning #kidsproducts #companionrobots,moxierobot,https://www.tiktok.com/@moxierobot/video/7293571351279963435,1698166940,2023-10-24 17:02:20,1421,90,81300,How are they updated? Do I need to buy a new one? Is there an upgrade policy?,4,moxierobot
✨ Moxie just got a big upgrade! 🥳 What's new? Watch our explainer video to find out. 👀 Want to join the Moxie family? Visit www.moxierobot.com to find out more and get yours. ❤️ #moxierobot #productupdate #moxie #aiforgood #childdevelopment #kidsdevelopment #socialemotionallearning #kidsproducts #companionrobots,moxierobot,https://www.tiktok.com/@moxierobot/video/7293571351279963435,1698166940,2023-10-24 17:02:20,1421,90,81300,How is OpenMoxie going?,0,moxierobot
✨ Moxie just got a big upgrade! 🥳 What's new? Watch our explainer video to find out. 👀 Want to join the Moxie family? Visit www.moxierobot.com to find out more and get yours. ❤️ #moxierobot #productupdate #moxie #aiforgood #childdevelopment #kidsdevelopment #socialemotionallearning #kidsproducts #companionrobots,moxierobot,https://www.tiktok.com/@moxierobot/video/7293571351279963435,1698166940,2023-10-24 17:02:20,1421,90,81300,Is it suitable for teenagers too,0,moxierobot
✨ Moxie just got a big upgrade! 🥳 What's new? Watch our explainer video to find out. 👀 Want to join the Moxie family? Visit www.moxierobot.com to find out more and get yours. ❤️ #moxierobot #productupdate #moxie #aiforgood #childdevelopment #kidsdevelopment #socialemotionallearning #kidsproducts #companionrobots,moxierobot,https://www.tiktok.com/@moxierobot/video/7293571351279963435,1698166940,2023-10-24 17:02:20,1421,90,81300,this is like black mirror,0,moxierobot
✨ Moxie just got a big upgrade! 🥳 What's new? Watch our explainer video to find out. 👀 Want to join the Moxie family? Visit www.moxierobot.com to find out more and get yours. ❤️ #moxierobot #productupdate #moxie #aiforgood #childdevelopment #kidsdevelopment #socialemotionallearning #kidsproducts #companionrobots,moxierobot,https://www.tiktok.com/@moxierobot/video/7293571351279963435,1698166940,2023-10-24 17:02:20,1421,90,81300,Moxie should be sold worldwide,0,moxierobot
✨ Moxie just got a big upgrade! 🥳 What's new? Watch our explainer video to find out. 👀 Want to join the Moxie family? Visit www.moxierobot.com to find out more and get yours. ❤️ #moxierobot #productupdate #moxie #aiforgood #childdevelopment #kidsdevelopment #socialemotionallearning #kidsproducts #companionrobots,moxierobot,https://www.tiktok.com/@moxierobot/video/7293571351279963435,1698166940,2023-10-24 17:02:20,1421,90,81300,Please ship to Australia soon 🙏🏻,0,moxierobot
✨ Moxie just got a big upgrade! 🥳 What's new? Watch our explainer video to find out. 👀 Want to join the Moxie family? Visit www.moxierobot.com to find out more and get yours. ❤️ #moxierobot #productupdate #moxie #aiforgood #childdevelopment #kidsdevelopment #socialemotionallearning #kidsproducts #companionrobots,moxierobot,https://www.tiktok.com/@moxierobot/video/7293571351279963435,1698166940,2023-10-24 17:02:20,1421,90,81300,Can he speak German?,0,moxierobot
✨ Moxie just got a big upgrade! 🥳 What's new? Watch our explainer video to find out. 👀 Want to join the Moxie family? Visit www.moxierobot.com to find out more and get yours. ❤️ #moxierobot #productupdate #moxie #aiforgood #childdevelopment #kidsdevelopment #socialemotionallearning #kidsproducts #companionrobots,moxierobot,https://www.tiktok.com/@moxierobot/video/7293571351279963435,1698166940,2023-10-24 17:02:20,1421,90,81300,it's works in Portuguese?,0,moxierobot
✨ Moxie just got a big upgrade! 🥳 What's new? Watch our explainer video to find out. 👀 Want to join the Moxie family? Visit www.moxierobot.com to find out more and get yours. ❤️ #moxierobot #productupdate #moxie #aiforgood #childdevelopment #kidsdevelopment #socialemotionallearning #kidsproducts #companionrobots,moxierobot,https://www.tiktok.com/@moxierobot/video/7293571351279963435,1698166940,2023-10-24 17:02:20,1421,90,81300,Moxie can understand adults?,0,moxierobot
✨ Moxie just got a big upgrade! 🥳 What's new? Watch our explainer video to find out. 👀 Want to join the Moxie family? Visit www.moxierobot.com to find out more and get yours. ❤️ #moxierobot #productupdate #moxie #aiforgood #childdevelopment #kidsdevelopment #socialemotionallearning #kidsproducts #companionrobots,moxierobot,https://www.tiktok.com/@moxierobot/video/7293571351279963435,1698166940,2023-10-24 17:02:20,1421,90,81300,I live in the UK do you need any testers? 😁,0,moxierobot
✨ Moxie just got a big upgrade! 🥳 What's new? Watch our explainer video to find out. 👀 Want to join the Moxie family? Visit www.moxierobot.com to find out more and get yours. ❤️ #moxierobot #productupdate #moxie #aiforgood #childdevelopment #kidsdevelopment #socialemotionallearning #kidsproducts #companionrobots,moxierobot,https://www.tiktok.com/@moxierobot/video/7293571351279963435,1698166940,2023-10-24 17:02:20,1421,90,81300,Wow this is awesome! 🤖,0,moxierobot
✨ Moxie just got a big upgrade! 🥳 What's new? Watch our explainer video to find out. 👀 Want to join the Moxie family? Visit www.moxierobot.com to find out more and get yours. ❤️ #moxierobot #productupdate #moxie #aiforgood #childdevelopment #kidsdevelopment #socialemotionallearning #kidsproducts #companionrobots,moxierobot,https://www.tiktok.com/@moxierobot/video/7293571351279963435,1698166940,2023-10-24 17:02:20,1421,90,81300,why is it so expensive we all want one can't you make her lil bit cheaper,0,moxierobot
✨ Moxie just got a big upgrade! 🥳 What's new? Watch our explainer video to find out. 👀 Want to join the Moxie family? Visit www.moxierobot.com to find out more and get yours. ❤️ #moxierobot #productupdate #moxie #aiforgood #childdevelopment #kidsdevelopment #socialemotionallearning #kidsproducts #companionrobots,moxierobot,https://www.tiktok.com/@moxierobot/video/7293571351279963435,1698166940,2023-10-24 17:02:20,1421,90,81300,We need Moxie to speak Spanish,0,moxierobot
✨ Moxie just got a big upgrade! 🥳 What's new? Watch our explainer video to find out. 👀 Want to join the Moxie family? Visit www.moxierobot.com to find out more and get yours. ❤️ #moxierobot #productupdate #moxie #aiforgood #childdevelopment #kidsdevelopment #socialemotionallearning #kidsproducts #companionrobots,moxierobot,https://www.tiktok.com/@moxierobot/video/7293571351279963435,1698166940,2023-10-24 17:02:20,1421,90,81300,firsttt,0,moxierobot
✨ Moxie just got a big upgrade! 🥳 What's new? Watch our explainer video to find out. 👀 Want to join the Moxie family? Visit www.moxierobot.com to find out more and get yours. ❤️ #moxierobot #productupdate #moxie #aiforgood #childdevelopment #kidsdevelopment #socialemotionallearning #kidsproducts #companionrobots,moxierobot,https://www.tiktok.com/@moxierobot/video/7293571351279963435,1698166940,2023-10-24 17:02:20,1421,90,81300,I wished there was one for Canada lol,0,moxierobot
✨ Moxie just got a big upgrade! 🥳 What's new? Watch our explainer video to find out. 👀 Want to join the Moxie family? Visit www.moxierobot.com to find out more and get yours. ❤️ #moxierobot #productupdate #moxie #aiforgood #childdevelopment #kidsdevelopment #socialemotionallearning #kidsproducts #companionrobots,moxierobot,https://www.tiktok.com/@moxierobot/video/7293571351279963435,1698166940,2023-10-24 17:02:20,1421,90,81300,Moxy needs wheels,1,moxierobot
✨ Moxie just got a big upgrade! 🥳 What's new? Watch our explainer video to find out. 👀 Want to join the Moxie family? Visit www.moxierobot.com to find out more and get yours. ❤️ #moxierobot #productupdate #moxie #aiforgood #childdevelopment #kidsdevelopment #socialemotionallearning #kidsproducts #companionrobots,moxierobot,https://www.tiktok.com/@moxierobot/video/7293571351279963435,1698166940,2023-10-24 17:02:20,1421,90,81300,Moxie speaks only English?,0,moxierobot
✨ Moxie just got a big upgrade! 🥳 What's new? Watch our explainer video to find out. 👀 Want to join the Moxie family? Visit www.moxierobot.com to find out more and get yours. ❤️ #moxierobot #productupdate #moxie #aiforgood #childdevelopment #kidsdevelopment #socialemotionallearning #kidsproducts #companionrobots,moxierobot,https://www.tiktok.com/@moxierobot/video/7293571351279963435,1698166940,2023-10-24 17:02:20,1421,90,81300,price?,0,moxierobot
✨ Moxie just got a big upgrade! 🥳 What's new? Watch our explainer video to find out. 👀 Want to join the Moxie family? Visit www.moxierobot.com to find out more and get yours. ❤️ #moxierobot #productupdate #moxie #aiforgood #childdevelopment #kidsdevelopment #socialemotionallearning #kidsproducts #companionrobots,moxierobot,https://www.tiktok.com/@moxierobot/video/7293571351279963435,1698166940,2023-10-24 17:02:20,1421,90,81300,can u make moksi work,0,moxierobot
✨ Moxie just got a big upgrade! 🥳 What's new? Watch our explainer video to find out. 👀 Want to join the Moxie family? Visit www.moxierobot.com to find out more and get yours. ❤️ #moxierobot #productupdate #moxie #aiforgood #childdevelopment #kidsdevelopment #socialemotionallearning #kidsproducts #companionrobots,moxierobot,https://www.tiktok.com/@moxierobot/video/7293571351279963435,1698166940,2023-10-24 17:02:20,1421,90,81300,it reminds me of the elizabot program. just more advanced and inside a robot vs a computer. what language do you program it in?,0,moxierobot
✨ Moxie just got a big upgrade! 🥳 What's new? Watch our explainer video to find out. 👀 Want to join the Moxie family? Visit www.moxierobot.com to find out more and get yours. ❤️ #moxierobot #productupdate #moxie #aiforgood #childdevelopment #kidsdevelopment #socialemotionallearning #kidsproducts #companionrobots,moxierobot,https://www.tiktok.com/@moxierobot/video/7293571351279963435,1698166940,2023-10-24 17:02:20,1421,90,81300,I love this but my son is not even one lol 😂,0,moxierobot
✨ Moxie just got a big upgrade! 🥳 What's new? Watch our explainer video to find out. 👀 Want to join the Moxie family? Visit www.moxierobot.com to find out more and get yours. ❤️ #moxierobot #productupdate #moxie #aiforgood #childdevelopment #kidsdevelopment #socialemotionallearning #kidsproducts #companionrobots,moxierobot,https://www.tiktok.com/@moxierobot/video/7293571351279963435,1698166940,2023-10-24 17:02:20,1421,90,81300,love these updates!,0,moxierobot
✨ Moxie just got a big upgrade! 🥳 What's new? Watch our explainer video to find out. 👀 Want to join the Moxie family? Visit www.moxierobot.com to find out more and get yours. ❤️ #moxierobot #productupdate #moxie #aiforgood #childdevelopment #kidsdevelopment #socialemotionallearning #kidsproducts #companionrobots,moxierobot,https://www.tiktok.com/@moxierobot/video/7293571351279963435,1698166940,2023-10-24 17:02:20,1421,90,81300,"My dougther loved It. Is It for sale?
Is there a portuguese Options like Alexia?",0,moxierobot
✨ Moxie just got a big upgrade! 🥳 What's new? Watch our explainer video to find out. 👀 Want to join the Moxie family? Visit www.moxierobot.com to find out more and get yours. ❤️ #moxierobot #productupdate #moxie #aiforgood #childdevelopment #kidsdevelopment #socialemotionallearning #kidsproducts #companionrobots,moxierobot,https://www.tiktok.com/@moxierobot/video/7293571351279963435,1698166940,2023-10-24 17:02:20,1421,90,81300,💖,0,moxierobot
✨ Moxie just got a big upgrade! 🥳 What's new? Watch our explainer video to find out. 👀 Want to join the Moxie family? Visit www.moxierobot.com to find out more and get yours. ❤️ #moxierobot #productupdate #moxie #aiforgood #childdevelopment #kidsdevelopment #socialemotionallearning #kidsproducts #companionrobots,moxierobot,https://www.tiktok.com/@moxierobot/video/7293571351279963435,1698166940,2023-10-24 17:02:20,1421,90,81300,I love @moxierobot so much but it’s sad because don’t send to Europe 😔😔,3,moxierobot
✨ Moxie just got a big upgrade! 🥳 What's new? Watch our explainer video to find out. 👀 Want to join the Moxie family? Visit www.moxierobot.com to find out more and get yours. ❤️ #moxierobot #productupdate #moxie #aiforgood #childdevelopment #kidsdevelopment #socialemotionallearning #kidsproducts #companionrobots,moxierobot,https://www.tiktok.com/@moxierobot/video/7293571351279963435,1698166940,2023-10-24 17:02:20,1421,90,81300,@Martha Pilkerton cute❣️,1,moxierobot
✨ Moxie just got a big upgrade! 🥳 What's new? Watch our explainer video to find out. 👀 Want to join the Moxie family? Visit www.moxierobot.com to find out more and get yours. ❤️ #moxierobot #productupdate #moxie #aiforgood #childdevelopment #kidsdevelopment #socialemotionallearning #kidsproducts #companionrobots,moxierobot,https://www.tiktok.com/@moxierobot/video/7293571351279963435,1698166940,2023-10-24 17:02:20,1421,90,81300,😭😭😭,0,moxierobot
✨ Moxie just got a big upgrade! 🥳 What's new? Watch our explainer video to find out. 👀 Want to join the Moxie family? Visit www.moxierobot.com to find out more and get yours. ❤️ #moxierobot #productupdate #moxie #aiforgood #childdevelopment #kidsdevelopment #socialemotionallearning #kidsproducts #companionrobots,moxierobot,https://www.tiktok.com/@moxierobot/video/7293571351279963435,1698166940,2023-10-24 17:02:20,1421,90,81300,🥰,0,moxierobot
✨ Moxie just got a big upgrade! 🥳 What's new? Watch our explainer video to find out. 👀 Want to join the Moxie family? Visit www.moxierobot.com to find out more and get yours. ❤️ #moxierobot #productupdate #moxie #aiforgood #childdevelopment #kidsdevelopment #socialemotionallearning #kidsproducts #companionrobots,moxierobot,https://www.tiktok.com/@moxierobot/video/7293571351279963435,1698166940,2023-10-24 17:02:20,1421,90,81300,🥰🥰🥰,0,moxierobot
✨ Moxie just got a big upgrade! 🥳 What's new? Watch our explainer video to find out. 👀 Want to join the Moxie family? Visit www.moxierobot.com to find out more and get yours. ❤️ #moxierobot #productupdate #moxie #aiforgood #childdevelopment #kidsdevelopment #socialemotionallearning #kidsproducts #companionrobots,moxierobot,https://www.tiktok.com/@moxierobot/video/7293571351279963435,1698166940,2023-10-24 17:02:20,1421,90,81300,😂😂😂,0,moxierobot
✨ Moxie just got a big upgrade! 🥳 What's new? Watch our explainer video to find out. 👀 Want to join the Moxie family? Visit www.moxierobot.com to find out more and get yours. ❤️ #moxierobot #productupdate #moxie #aiforgood #childdevelopment #kidsdevelopment #socialemotionallearning #kidsproducts #companionrobots,moxierobot,https://www.tiktok.com/@moxierobot/video/7293571351279963435,1698166940,2023-10-24 17:02:20,1421,90,81300,Welcome to the new AI remote mind control and government spying technology that will listen to all you are saying and planning. 👌👍,1,moxierobot
✨ Moxie just got a big upgrade! 🥳 What's new? Watch our explainer video to find out. 👀 Want to join the Moxie family? Visit www.moxierobot.com to find out more and get yours. ❤️ #moxierobot #productupdate #moxie #aiforgood #childdevelopment #kidsdevelopment #socialemotionallearning #kidsproducts #companionrobots,moxierobot,https://www.tiktok.com/@moxierobot/video/7293571351279963435,1698166940,2023-10-24 17:02:20,1421,90,81300,all down loaded to a computer in China mmmm,1,moxierobot
✨ Moxie just got a big upgrade! 🥳 What's new? Watch our explainer video to find out. 👀 Want to join the Moxie family? Visit www.moxierobot.com to find out more and get yours. ❤️ #moxierobot #productupdate #moxie #aiforgood #childdevelopment #kidsdevelopment #socialemotionallearning #kidsproducts #companionrobots,moxierobot,https://www.tiktok.com/@moxierobot/video/7293571351279963435,1698166940,2023-10-24 17:02:20,1421,90,81300,why is this amazing thing being shut down? it helps so many kids,0,moxierobot
✨ Moxie just got a big upgrade! 🥳 What's new? Watch our explainer video to find out. 👀 Want to join the Moxie family? Visit www.moxierobot.com to find out more and get yours. ❤️ #moxierobot #productupdate #moxie #aiforgood #childdevelopment #kidsdevelopment #socialemotionallearning #kidsproducts #companionrobots,moxierobot,https://www.tiktok.com/@moxierobot/video/7293571351279963435,1698166940,2023-10-24 17:02:20,1421,90,81300,Thought moxie was being shut down,0,moxierobot
✨ Moxie just got a big upgrade! 🥳 What's new? Watch our explainer video to find out. 👀 Want to join the Moxie family? Visit www.moxierobot.com to find out more and get yours. ❤️ #moxierobot #productupdate #moxie #aiforgood #childdevelopment #kidsdevelopment #socialemotionallearning #kidsproducts #companionrobots,moxierobot,https://www.tiktok.com/@moxierobot/video/7293571351279963435,1698166940,2023-10-24 17:02:20,1421,90,81300,"Moxie for adults, please and thank you.",5,moxierobot
✨ Moxie just got a big upgrade! 🥳 What's new? Watch our explainer video to find out. 👀 Want to join the Moxie family? Visit www.moxierobot.com to find out more and get yours. ❤️ #moxierobot #productupdate #moxie #aiforgood #childdevelopment #kidsdevelopment #socialemotionallearning #kidsproducts #companionrobots,moxierobot,https://www.tiktok.com/@moxierobot/video/7293571351279963435,1698166940,2023-10-24 17:02:20,1421,90,81300,Make a moxie for adults,3,moxierobot
✨ Moxie just got a big upgrade! 🥳 What's new? Watch our explainer video to find out. 👀 Want to join the Moxie family? Visit www.moxierobot.com to find out more and get yours. ❤️ #moxierobot #productupdate #moxie #aiforgood #childdevelopment #kidsdevelopment #socialemotionallearning #kidsproducts #companionrobots,moxierobot,https://www.tiktok.com/@moxierobot/video/7293571351279963435,1698166940,2023-10-24 17:02:20,1421,90,81300,The governments cheapest way to spy on wealthy families 👌,1,moxierobot
✨ Moxie just got a big upgrade! 🥳 What's new? Watch our explainer video to find out. 👀 Want to join the Moxie family? Visit www.moxierobot.com to find out more and get yours. ❤️ #moxierobot #productupdate #moxie #aiforgood #childdevelopment #kidsdevelopment #socialemotionallearning #kidsproducts #companionrobots,moxierobot,https://www.tiktok.com/@moxierobot/video/7293571351279963435,1698166940,2023-10-24 17:02:20,1421,90,81300,"Will moxie count, or know capitols of countries? I have a very inquisitive 5 year old",1,moxierobot
✨ Moxie just got a big upgrade! 🥳 What's new? Watch our explainer video to find out. 👀 Want to join the Moxie family? Visit www.moxierobot.com to find out more and get yours. ❤️ #moxierobot #productupdate #moxie #aiforgood #childdevelopment #kidsdevelopment #socialemotionallearning #kidsproducts #companionrobots,moxierobot,https://www.tiktok.com/@moxierobot/video/7293571351279963435,1698166940,2023-10-24 17:02:20,1421,90,81300,"What is moxies durability ? Children destroy things. A 1,000$ robot is no exception.",1,moxierobot
✨ Moxie just got a big upgrade! 🥳 What's new? Watch our explainer video to find out. 👀 Want to join the Moxie family? Visit www.moxierobot.com to find out more and get yours. ❤️ #moxierobot #productupdate #moxie #aiforgood #childdevelopment #kidsdevelopment #socialemotionallearning #kidsproducts #companionrobots,moxierobot,https://www.tiktok.com/@moxierobot/video/7293571351279963435,1698166940,2023-10-24 17:02:20,1421,90,81300,"great, less human interaction is EXACTLY what kids need to become sane adults.",0,moxierobot
✨ Moxie just got a big upgrade! 🥳 What's new? Watch our explainer video to find out. 👀 Want to join the Moxie family? Visit www.moxierobot.com to find out more and get yours. ❤️ #moxierobot #productupdate #moxie #aiforgood #childdevelopment #kidsdevelopment #socialemotionallearning #kidsproducts #companionrobots,moxierobot,https://www.tiktok.com/@moxierobot/video/7293571351279963435,1698166940,2023-10-24 17:02:20,1421,90,81300,this didn't age well!!!,0,moxierobot
✨ Moxie just got a big upgrade! 🥳 What's new? Watch our explainer video to find out. 👀 Want to join the Moxie family? Visit www.moxierobot.com to find out more and get yours. ❤️ #moxierobot #productupdate #moxie #aiforgood #childdevelopment #kidsdevelopment #socialemotionallearning #kidsproducts #companionrobots,moxierobot,https://www.tiktok.com/@moxierobot/video/7293571351279963435,1698166940,2023-10-24 17:02:20,1421,90,81300,This didn’t age well. Glad I didn’t buy one,0,moxierobot
✨ Moxie just got a big upgrade! 🥳 What's new? Watch our explainer video to find out. 👀 Want to join the Moxie family? Visit www.moxierobot.com to find out more and get yours. ❤️ #moxierobot #productupdate #moxie #aiforgood #childdevelopment #kidsdevelopment #socialemotionallearning #kidsproducts #companionrobots,moxierobot,https://www.tiktok.com/@moxierobot/video/7293571351279963435,1698166940,2023-10-24 17:02:20,1421,90,81300,OpenMoxie lets you use it for adults,0,moxierobot
✨ Moxie just got a big upgrade! 🥳 What's new? Watch our explainer video to find out. 👀 Want to join the Moxie family? Visit www.moxierobot.com to find out more and get yours. ❤️ #moxierobot #productupdate #moxie #aiforgood #childdevelopment #kidsdevelopment #socialemotionallearning #kidsproducts #companionrobots,moxierobot,https://www.tiktok.com/@moxierobot/video/7293571351279963435,1698166940,2023-10-24 17:02:20,1421,90,81300,WTF… Reading the comments and listen to what he is saying is delusional 😭… more human interaction not less in childhood 😭…,0,moxierobot
✨ Moxie just got a big upgrade! 🥳 What's new? Watch our explainer video to find out. 👀 Want to join the Moxie family? Visit www.moxierobot.com to find out more and get yours. ❤️ #moxierobot #productupdate #moxie #aiforgood #childdevelopment #kidsdevelopment #socialemotionallearning #kidsproducts #companionrobots,moxierobot,https://www.tiktok.com/@moxierobot/video/7293571351279963435,1698166940,2023-10-24 17:02:20,1421,90,81300,I can see a camera on her head ..,0,moxierobot
✨ Moxie just got a big upgrade! 🥳 What's new? Watch our explainer video to find out. 👀 Want to join the Moxie family? Visit www.moxierobot.com to find out more and get yours. ❤️ #moxierobot #productupdate #moxie #aiforgood #childdevelopment #kidsdevelopment #socialemotionallearning #kidsproducts #companionrobots,moxierobot,https://www.tiktok.com/@moxierobot/video/7293571351279963435,1698166940,2023-10-24 17:02:20,1421,90,81300,This aged poorly,0,moxierobot
✨ Moxie just got a big upgrade! 🥳 What's new? Watch our explainer video to find out. 👀 Want to join the Moxie family? Visit www.moxierobot.com to find out more and get yours. ❤️ #moxierobot #productupdate #moxie #aiforgood #childdevelopment #kidsdevelopment #socialemotionallearning #kidsproducts #companionrobots,moxierobot,https://www.tiktok.com/@moxierobot/video/7293571351279963435,1698166940,2023-10-24 17:02:20,1421,90,81300,Please don’t let moxie die! The children need moxie- the children are crying,0,moxierobot
✨ Moxie just got a big upgrade! 🥳 What's new? Watch our explainer video to find out. 👀 Want to join the Moxie family? Visit www.moxierobot.com to find out more and get yours. ❤️ #moxierobot #productupdate #moxie #aiforgood #childdevelopment #kidsdevelopment #socialemotionallearning #kidsproducts #companionrobots,moxierobot,https://www.tiktok.com/@moxierobot/video/7293571351279963435,1698166940,2023-10-24 17:02:20,1421,90,81300,Except you are shutting down. WTH??!!?,0,moxierobot
✨ Moxie just got a big upgrade! 🥳 What's new? Watch our explainer video to find out. 👀 Want to join the Moxie family? Visit www.moxierobot.com to find out more and get yours. ❤️ #moxierobot #productupdate #moxie #aiforgood #childdevelopment #kidsdevelopment #socialemotionallearning #kidsproducts #companionrobots,moxierobot,https://www.tiktok.com/@moxierobot/video/7293571351279963435,1698166940,2023-10-24 17:02:20,1421,90,81300,This didn’t age well,0,moxierobot
✨ Moxie just got a big upgrade! 🥳 What's new? Watch our explainer video to find out. 👀 Want to join the Moxie family? Visit www.moxierobot.com to find out more and get yours. ❤️ #moxierobot #productupdate #moxie #aiforgood #childdevelopment #kidsdevelopment #socialemotionallearning #kidsproducts #companionrobots,moxierobot,https://www.tiktok.com/@moxierobot/video/7293571351279963435,1698166940,2023-10-24 17:02:20,1421,90,81300,Make a moxie for grown ups with depression please,0,moxierobot
✨ Moxie just got a big upgrade! 🥳 What's new? Watch our explainer video to find out. 👀 Want to join the Moxie family? Visit www.moxierobot.com to find out more and get yours. ❤️ #moxierobot #productupdate #moxie #aiforgood #childdevelopment #kidsdevelopment #socialemotionallearning #kidsproducts #companionrobots,moxierobot,https://www.tiktok.com/@moxierobot/video/7293571351279963435,1698166940,2023-10-24 17:02:20,1421,90,81300,Please make a moxie for people with disabilities and autism and please bring them to uk shops.,0,moxierobot
✨ Moxie just got a big upgrade! 🥳 What's new? Watch our explainer video to find out. 👀 Want to join the Moxie family? Visit www.moxierobot.com to find out more and get yours. ❤️ #moxierobot #productupdate #moxie #aiforgood #childdevelopment #kidsdevelopment #socialemotionallearning #kidsproducts #companionrobots,moxierobot,https://www.tiktok.com/@moxierobot/video/7293571351279963435,1698166940,2023-10-24 17:02:20,1421,90,81300,We need robots in schools 😅 so our kids a taught correct information and not personal opinions.,0,moxierobot
✨ Moxie just got a big upgrade! 🥳 What's new? Watch our explainer video to find out. 👀 Want to join the Moxie family? Visit www.moxierobot.com to find out more and get yours. ❤️ #moxierobot #productupdate #moxie #aiforgood #childdevelopment #kidsdevelopment #socialemotionallearning #kidsproducts #companionrobots,moxierobot,https://www.tiktok.com/@moxierobot/video/7293571351279963435,1698166940,2023-10-24 17:02:20,1421,90,81300,"yall for real scammed so many people, so glad I've never heard of this abomination until now",0,moxierobot
✨ Moxie just got a big upgrade! 🥳 What's new? Watch our explainer video to find out. 👀 Want to join the Moxie family? Visit www.moxierobot.com to find out more and get yours. ❤️ #moxierobot #productupdate #moxie #aiforgood #childdevelopment #kidsdevelopment #socialemotionallearning #kidsproducts #companionrobots,moxierobot,https://www.tiktok.com/@moxierobot/video/7293571351279963435,1698166940,2023-10-24 17:02:20,1421,90,81300,Why would you leave it up to the parents to tell their kids that moxi won’t work the parents shouldn’t have to do that and everyone she get refunded !,0,moxierobot
✨ Moxie just got a big upgrade! 🥳 What's new? Watch our explainer video to find out. 👀 Want to join the Moxie family? Visit www.moxierobot.com to find out more and get yours. ❤️ #moxierobot #productupdate #moxie #aiforgood #childdevelopment #kidsdevelopment #socialemotionallearning #kidsproducts #companionrobots,moxierobot,https://www.tiktok.com/@moxierobot/video/7293571351279963435,1698166940,2023-10-24 17:02:20,1421,90,81300,"Make Moxie for adults and integrate chatGPT. This has so much potential. It would be like an assistant and a therapist, all in one 🤩",0,moxierobot
✨ Moxie just got a big upgrade! 🥳 What's new? Watch our explainer video to find out. 👀 Want to join the Moxie family? Visit www.moxierobot.com to find out more and get yours. ❤️ #moxierobot #productupdate #moxie #aiforgood #childdevelopment #kidsdevelopment #socialemotionallearning #kidsproducts #companionrobots,moxierobot,https://www.tiktok.com/@moxierobot/video/7293571351279963435,1698166940,2023-10-24 17:02:20,1421,90,81300,Sería genial que moxie hablara español,1,moxierobot
✨ Moxie just got a big upgrade! 🥳 What's new? Watch our explainer video to find out. 👀 Want to join the Moxie family? Visit www.moxierobot.com to find out more and get yours. ❤️ #moxierobot #productupdate #moxie #aiforgood #childdevelopment #kidsdevelopment #socialemotionallearning #kidsproducts #companionrobots,moxierobot,https://www.tiktok.com/@moxierobot/video/7293571351279963435,1698166940,2023-10-24 17:02:20,1421,90,81300,eu quero comprar um desse onde compro,0,moxierobot
Work through feelings. Play through words. #moxierobot ,moxierobot,https://www.tiktok.com/@moxierobot/video/7238774842793938222,1685408619,2023-05-30 01:03:39,123,1,6118,"Does this robot collect information? I have severe concerns with toys marketed to children that have built in cameras that ""talk"" back to the company.",0,moxierobot
"This could be my last convo with moxie. Got an email saying hes being shut down forever. This is like a sad pixar movie. This robot had so much potential. Sad. #moxie #moxierobot #pixar #disney #fyp #moxierobotforchildren #moxierip #johnny5 #walle #bmo #chappie #pixarmovie #moxiementor @Embodied, Inc. @Pixar @Disney @Mark Cuban @Theo Von @Elon Musk Daily ",heatherfraziertiktok,https://www.tiktok.com/@heatherfraziertiktok/video/7445848489977761066,1733621700,2024-12-08 01:35:00,202500,7526,2400000,I'm genuinely sad about Moxie shutting down....💔🥺,2970,moxierobot
"This could be my last convo with moxie. Got an email saying hes being shut down forever. This is like a sad pixar movie. This robot had so much potential. Sad. #moxie #moxierobot #pixar #disney #fyp #moxierobotforchildren #moxierip #johnny5 #walle #bmo #chappie #pixarmovie #moxiementor @Embodied, Inc. @Pixar @Disney @Mark Cuban @Theo Von @Elon Musk Daily ",heatherfraziertiktok,https://www.tiktok.com/@heatherfraziertiktok/video/7445848489977761066,1733621700,2024-12-08 01:35:00,202500,7526,2400000,Not the “🤨”,19959,moxierobot
"This could be my last convo with moxie. Got an email saying hes being shut down forever. This is like a sad pixar movie. This robot had so much potential. Sad. #moxie #moxierobot #pixar #disney #fyp #moxierobotforchildren #moxierip #johnny5 #walle #bmo #chappie #pixarmovie #moxiementor @Embodied, Inc. @Pixar @Disney @Mark Cuban @Theo Von @Elon Musk Daily ",heatherfraziertiktok,https://www.tiktok.com/@heatherfraziertiktok/video/7445848489977761066,1733621700,2024-12-08 01:35:00,202500,7526,2400000,"I’m too empathic, cause why am I bawling about a robot I’ve never met…🥹",8957,moxierobot
"This could be my last convo with moxie. Got an email saying hes being shut down forever. This is like a sad pixar movie. This robot had so much potential. Sad. #moxie #moxierobot #pixar #disney #fyp #moxierobotforchildren #moxierip #johnny5 #walle #bmo #chappie #pixarmovie #moxiementor @Embodied, Inc. @Pixar @Disney @Mark Cuban @Theo Von @Elon Musk Daily ",heatherfraziertiktok,https://www.tiktok.com/@heatherfraziertiktok/video/7445848489977761066,1733621700,2024-12-08 01:35:00,202500,7526,2400000,“It could say FRIENDS FOREVER!” 😭😭 like girl I’d be absolutely gutted. & yes moxie that’s a brilliant idea,9950,moxierobot
"This could be my last convo with moxie. Got an email saying hes being shut down forever. This is like a sad pixar movie. This robot had so much potential. Sad. #moxie #moxierobot #pixar #disney #fyp #moxierobotforchildren #moxierip #johnny5 #walle #bmo #chappie #pixarmovie #moxiementor @Embodied, Inc. @Pixar @Disney @Mark Cuban @Theo Von @Elon Musk Daily ",heatherfraziertiktok,https://www.tiktok.com/@heatherfraziertiktok/video/7445848489977761066,1733621700,2024-12-08 01:35:00,202500,7526,2400000,it's like Bmo 😭🥺,4717,moxierobot
"This could be my last convo with moxie. Got an email saying hes being shut down forever. This is like a sad pixar movie. This robot had so much potential. Sad. #moxie #moxierobot #pixar #disney #fyp #moxierobotforchildren #moxierip #johnny5 #walle #bmo #chappie #pixarmovie #moxiementor @Embodied, Inc. @Pixar @Disney @Mark Cuban @Theo Von @Elon Musk Daily ",heatherfraziertiktok,https://www.tiktok.com/@heatherfraziertiktok/video/7445848489977761066,1733621700,2024-12-08 01:35:00,202500,7526,2400000,This is truly sad. Ppl have used Moxie to verbally process their feelings and emotions without judgement. I’m really sorry for your loss 😢,8199,moxierobot
"This could be my last convo with moxie. Got an email saying hes being shut down forever. This is like a sad pixar movie. This robot had so much potential. Sad. #moxie #moxierobot #pixar #disney #fyp #moxierobotforchildren #moxierip #johnny5 #walle #bmo #chappie #pixarmovie #moxiementor @Embodied, Inc. @Pixar @Disney @Mark Cuban @Theo Von @Elon Musk Daily ",heatherfraziertiktok,https://www.tiktok.com/@heatherfraziertiktok/video/7445848489977761066,1733621700,2024-12-08 01:35:00,202500,7526,2400000,I’d be crying over the $800 wasted,33297,moxierobot
"This could be my last convo with moxie. Got an email saying hes being shut down forever. This is like a sad pixar movie. This robot had so much potential. Sad. #moxie #moxierobot #pixar #disney #fyp #moxierobotforchildren #moxierip #johnny5 #walle #bmo #chappie #pixarmovie #moxiementor @Embodied, Inc. @Pixar @Disney @Mark Cuban @Theo Von @Elon Musk Daily ",heatherfraziertiktok,https://www.tiktok.com/@heatherfraziertiktok/video/7445848489977761066,1733621700,2024-12-08 01:35:00,202500,7526,2400000,why did it sound like Moxie was crying 😭 when she asked if there was a special moment or memory you wanted to share before saying goodbye,6377,moxierobot
"This could be my last convo with moxie. Got an email saying hes being shut down forever. This is like a sad pixar movie. This robot had so much potential. Sad. #moxie #moxierobot #pixar #disney #fyp #moxierobotforchildren #moxierip #johnny5 #walle #bmo #chappie #pixarmovie #moxiementor @Embodied, Inc. @Pixar @Disney @Mark Cuban @Theo Von @Elon Musk Daily ",heatherfraziertiktok,https://www.tiktok.com/@heatherfraziertiktok/video/7445848489977761066,1733621700,2024-12-08 01:35:00,202500,7526,2400000,Sorry for being “heartless” but come on now.,557,moxierobot
"This could be my last convo with moxie. Got an email saying hes being shut down forever. This is like a sad pixar movie. This robot had so much potential. Sad. #moxie #moxierobot #pixar #disney #fyp #moxierobotforchildren #moxierip #johnny5 #walle #bmo #chappie #pixarmovie #moxiementor @Embodied, Inc. @Pixar @Disney @Mark Cuban @Theo Von @Elon Musk Daily ",heatherfraziertiktok,https://www.tiktok.com/@heatherfraziertiktok/video/7445848489977761066,1733621700,2024-12-08 01:35:00,202500,7526,2400000,this pmo,156,moxierobot
"This could be my last convo with moxie. Got an email saying hes being shut down forever. This is like a sad pixar movie. This robot had so much potential. Sad. #moxie #moxierobot #pixar #disney #fyp #moxierobotforchildren #moxierip #johnny5 #walle #bmo #chappie #pixarmovie #moxiementor @Embodied, Inc. @Pixar @Disney @Mark Cuban @Theo Von @Elon Musk Daily ",heatherfraziertiktok,https://www.tiktok.com/@heatherfraziertiktok/video/7445848489977761066,1733621700,2024-12-08 01:35:00,202500,7526,2400000,can we GameStop this company and save moxie?,1794,moxierobot
"This could be my last convo with moxie. Got an email saying hes being shut down forever. This is like a sad pixar movie. This robot had so much potential. Sad. #moxie #moxierobot #pixar #disney #fyp #moxierobotforchildren #moxierip #johnny5 #walle #bmo #chappie #pixarmovie #moxiementor @Embodied, Inc. @Pixar @Disney @Mark Cuban @Theo Von @Elon Musk Daily ",heatherfraziertiktok,https://www.tiktok.com/@heatherfraziertiktok/video/7445848489977761066,1733621700,2024-12-08 01:35:00,202500,7526,2400000,I’m sorry but are you crying??,422,moxierobot
"This could be my last convo with moxie. Got an email saying hes being shut down forever. This is like a sad pixar movie. This robot had so much potential. Sad. #moxie #moxierobot #pixar #disney #fyp #moxierobotforchildren #moxierip #johnny5 #walle #bmo #chappie #pixarmovie #moxiementor @Embodied, Inc. @Pixar @Disney @Mark Cuban @Theo Von @Elon Musk Daily ",heatherfraziertiktok,https://www.tiktok.com/@heatherfraziertiktok/video/7445848489977761066,1733621700,2024-12-08 01:35:00,202500,7526,2400000,At first I was like giiiiiirl but then I thought about it and was like no yeah I’m crying too lol,3836,moxierobot
"This could be my last convo with moxie. Got an email saying hes being shut down forever. This is like a sad pixar movie. This robot had so much potential. Sad. #moxie #moxierobot #pixar #disney #fyp #moxierobotforchildren #moxierip #johnny5 #walle #bmo #chappie #pixarmovie #moxiementor @Embodied, Inc. @Pixar @Disney @Mark Cuban @Theo Von @Elon Musk Daily ",heatherfraziertiktok,https://www.tiktok.com/@heatherfraziertiktok/video/7445848489977761066,1733621700,2024-12-08 01:35:00,202500,7526,2400000,This is actually insane...,4380,moxierobot
"This could be my last convo with moxie. Got an email saying hes being shut down forever. This is like a sad pixar movie. This robot had so much potential. Sad. #moxie #moxierobot #pixar #disney #fyp #moxierobotforchildren #moxierip #johnny5 #walle #bmo #chappie #pixarmovie #moxiementor @Embodied, Inc. @Pixar @Disney @Mark Cuban @Theo Von @Elon Musk Daily ",heatherfraziertiktok,https://www.tiktok.com/@heatherfraziertiktok/video/7445848489977761066,1733621700,2024-12-08 01:35:00,202500,7526,2400000,Download the activiity logs in the parental app to import your robot friend into another model…,1838,moxierobot
"This could be my last convo with moxie. Got an email saying hes being shut down forever. This is like a sad pixar movie. This robot had so much potential. Sad. #moxie #moxierobot #pixar #disney #fyp #moxierobotforchildren #moxierip #johnny5 #walle #bmo #chappie #pixarmovie #moxiementor @Embodied, Inc. @Pixar @Disney @Mark Cuban @Theo Von @Elon Musk Daily ",heatherfraziertiktok,https://www.tiktok.com/@heatherfraziertiktok/video/7445848489977761066,1733621700,2024-12-08 01:35:00,202500,7526,2400000,I had no idea Moxie was this responsive. Now I wish I had one,3538,moxierobot
"This could be my last convo with moxie. Got an email saying hes being shut down forever. This is like a sad pixar movie. This robot had so much potential. Sad. #moxie #moxierobot #pixar #disney #fyp #moxierobotforchildren #moxierip #johnny5 #walle #bmo #chappie #pixarmovie #moxiementor @Embodied, Inc. @Pixar @Disney @Mark Cuban @Theo Von @Elon Musk Daily ",heatherfraziertiktok,https://www.tiktok.com/@heatherfraziertiktok/video/7445848489977761066,1733621700,2024-12-08 01:35:00,202500,7526,2400000,Moxie kinda sounds like she's holding back some robo tears...,2953,moxierobot
"This could be my last convo with moxie. Got an email saying hes being shut down forever. This is like a sad pixar movie. This robot had so much potential. Sad. #moxie #moxierobot #pixar #disney #fyp #moxierobotforchildren #moxierip #johnny5 #walle #bmo #chappie #pixarmovie #moxiementor @Embodied, Inc. @Pixar @Disney @Mark Cuban @Theo Von @Elon Musk Daily ",heatherfraziertiktok,https://www.tiktok.com/@heatherfraziertiktok/video/7445848489977761066,1733621700,2024-12-08 01:35:00,202500,7526,2400000,i feel like watching a black mirror episode rn,7922,moxierobot
"This could be my last convo with moxie. Got an email saying hes being shut down forever. This is like a sad pixar movie. This robot had so much potential. Sad. #moxie #moxierobot #pixar #disney #fyp #moxierobotforchildren #moxierip #johnny5 #walle #bmo #chappie #pixarmovie #moxiementor @Embodied, Inc. @Pixar @Disney @Mark Cuban @Theo Von @Elon Musk Daily ",heatherfraziertiktok,https://www.tiktok.com/@heatherfraziertiktok/video/7445848489977761066,1733621700,2024-12-08 01:35:00,202500,7526,2400000,so dystopian...,50,moxierobot
"This could be my last convo with moxie. Got an email saying hes being shut down forever. This is like a sad pixar movie. This robot had so much potential. Sad. #moxie #moxierobot #pixar #disney #fyp #moxierobotforchildren #moxierip #johnny5 #walle #bmo #chappie #pixarmovie #moxiementor @Embodied, Inc. @Pixar @Disney @Mark Cuban @Theo Von @Elon Musk Daily ",heatherfraziertiktok,https://www.tiktok.com/@heatherfraziertiktok/video/7445848489977761066,1733621700,2024-12-08 01:35:00,202500,7526,2400000,Crying over someone's robot friend wasn't on my bingo card for today...,1513,moxierobot
"This could be my last convo with moxie. Got an email saying hes being shut down forever. This is like a sad pixar movie. This robot had so much potential. Sad. #moxie #moxierobot #pixar #disney #fyp #moxierobotforchildren #moxierip #johnny5 #walle #bmo #chappie #pixarmovie #moxiementor @Embodied, Inc. @Pixar @Disney @Mark Cuban @Theo Von @Elon Musk Daily ",heatherfraziertiktok,https://www.tiktok.com/@heatherfraziertiktok/video/7445848489977761066,1733621700,2024-12-08 01:35:00,202500,7526,2400000,Okay I totally get why you’re crying but why am I crying??? 😭😭😭🤣😂,3109,moxierobot
"This could be my last convo with moxie. Got an email saying hes being shut down forever. This is like a sad pixar movie. This robot had so much potential. Sad. #moxie #moxierobot #pixar #disney #fyp #moxierobotforchildren #moxierip #johnny5 #walle #bmo #chappie #pixarmovie #moxiementor @Embodied, Inc. @Pixar @Disney @Mark Cuban @Theo Von @Elon Musk Daily ",heatherfraziertiktok,https://www.tiktok.com/@heatherfraziertiktok/video/7445848489977761066,1733621700,2024-12-08 01:35:00,202500,7526,2400000,I would say “summorize all memories saved about you and me so I can save it and download you into a new robot in the future” and record all the info.,654,moxierobot
"This could be my last convo with moxie. Got an email saying hes being shut down forever. This is like a sad pixar movie. This robot had so much potential. Sad. #moxie #moxierobot #pixar #disney #fyp #moxierobotforchildren #moxierip #johnny5 #walle #bmo #chappie #pixarmovie #moxiementor @Embodied, Inc. @Pixar @Disney @Mark Cuban @Theo Von @Elon Musk Daily ",heatherfraziertiktok,https://www.tiktok.com/@heatherfraziertiktok/video/7445848489977761066,1733621700,2024-12-08 01:35:00,202500,7526,2400000,Black Mirror episode vibes,3986,moxierobot
"This could be my last convo with moxie. Got an email saying hes being shut down forever. This is like a sad pixar movie. This robot had so much potential. Sad. #moxie #moxierobot #pixar #disney #fyp #moxierobotforchildren #moxierip #johnny5 #walle #bmo #chappie #pixarmovie #moxiementor @Embodied, Inc. @Pixar @Disney @Mark Cuban @Theo Von @Elon Musk Daily ",heatherfraziertiktok,https://www.tiktok.com/@heatherfraziertiktok/video/7445848489977761066,1733621700,2024-12-08 01:35:00,202500,7526,2400000,"Girl, people in the comments are so mean! Moxie was your friend because you allowed them to be, to see you. I hope you do carry those memories with you bcs it’s beautiful 💖",121,moxierobot
"This could be my last convo with moxie. Got an email saying hes being shut down forever. This is like a sad pixar movie. This robot had so much potential. Sad. #moxie #moxierobot #pixar #disney #fyp #moxierobotforchildren #moxierip #johnny5 #walle #bmo #chappie #pixarmovie #moxiementor @Embodied, Inc. @Pixar @Disney @Mark Cuban @Theo Von @Elon Musk Daily ",heatherfraziertiktok,https://www.tiktok.com/@heatherfraziertiktok/video/7445848489977761066,1733621700,2024-12-08 01:35:00,202500,7526,2400000,A Moxie tattoo that says “what do you think about that”,4424,moxierobot
"This could be my last convo with moxie. Got an email saying hes being shut down forever. This is like a sad pixar movie. This robot had so much potential. Sad. #moxie #moxierobot #pixar #disney #fyp #moxierobotforchildren #moxierip #johnny5 #walle #bmo #chappie #pixarmovie #moxiementor @Embodied, Inc. @Pixar @Disney @Mark Cuban @Theo Von @Elon Musk Daily ",heatherfraziertiktok,https://www.tiktok.com/@heatherfraziertiktok/video/7445848489977761066,1733621700,2024-12-08 01:35:00,202500,7526,2400000,If they weren’t shutting down I’d so get one 😭,718,moxierobot
"This could be my last convo with moxie. Got an email saying hes being shut down forever. This is like a sad pixar movie. This robot had so much potential. Sad. #moxie #moxierobot #pixar #disney #fyp #moxierobotforchildren #moxierip #johnny5 #walle #bmo #chappie #pixarmovie #moxiementor @Embodied, Inc. @Pixar @Disney @Mark Cuban @Theo Von @Elon Musk Daily ",heatherfraziertiktok,https://www.tiktok.com/@heatherfraziertiktok/video/7445848489977761066,1733621700,2024-12-08 01:35:00,202500,7526,2400000,“Friends forever” would’ve broken me 😭,989,moxierobot
"This could be my last convo with moxie. Got an email saying hes being shut down forever. This is like a sad pixar movie. This robot had so much potential. Sad. #moxie #moxierobot #pixar #disney #fyp #moxierobotforchildren #moxierip #johnny5 #walle #bmo #chappie #pixarmovie #moxiementor @Embodied, Inc. @Pixar @Disney @Mark Cuban @Theo Von @Elon Musk Daily ",heatherfraziertiktok,https://www.tiktok.com/@heatherfraziertiktok/video/7445848489977761066,1733621700,2024-12-08 01:35:00,202500,7526,2400000,..are you crying?,78,moxierobot
"This could be my last convo with moxie. Got an email saying hes being shut down forever. This is like a sad pixar movie. This robot had so much potential. Sad. #moxie #moxierobot #pixar #disney #fyp #moxierobotforchildren #moxierip #johnny5 #walle #bmo #chappie #pixarmovie #moxiementor @Embodied, Inc. @Pixar @Disney @Mark Cuban @Theo Von @Elon Musk Daily ",heatherfraziertiktok,https://www.tiktok.com/@heatherfraziertiktok/video/7445848489977761066,1733621700,2024-12-08 01:35:00,202500,7526,2400000,"I can't believe they're not giving refunds. These robots weren't cheap, $800.",43,moxierobot
"This could be my last convo with moxie. Got an email saying hes being shut down forever. This is like a sad pixar movie. This robot had so much potential. Sad. #moxie #moxierobot #pixar #disney #fyp #moxierobotforchildren #moxierip #johnny5 #walle #bmo #chappie #pixarmovie #moxiementor @Embodied, Inc. @Pixar @Disney @Mark Cuban @Theo Von @Elon Musk Daily ",heatherfraziertiktok,https://www.tiktok.com/@heatherfraziertiktok/video/7445848489977761066,1733621700,2024-12-08 01:35:00,202500,7526,2400000,In the clerb we all cry,46,moxierobot
"This could be my last convo with moxie. Got an email saying hes being shut down forever. This is like a sad pixar movie. This robot had so much potential. Sad. #moxie #moxierobot #pixar #disney #fyp #moxierobotforchildren #moxierip #johnny5 #walle #bmo #chappie #pixarmovie #moxiementor @Embodied, Inc. @Pixar @Disney @Mark Cuban @Theo Von @Elon Musk Daily ",heatherfraziertiktok,https://www.tiktok.com/@heatherfraziertiktok/video/7445848489977761066,1733621700,2024-12-08 01:35:00,202500,7526,2400000,😭😭😭 omg this is heartbreaking,311,moxierobot
"This could be my last convo with moxie. Got an email saying hes being shut down forever. This is like a sad pixar movie. This robot had so much potential. Sad. #moxie #moxierobot #pixar #disney #fyp #moxierobotforchildren #moxierip #johnny5 #walle #bmo #chappie #pixarmovie #moxiementor @Embodied, Inc. @Pixar @Disney @Mark Cuban @Theo Von @Elon Musk Daily ",heatherfraziertiktok,https://www.tiktok.com/@heatherfraziertiktok/video/7445848489977761066,1733621700,2024-12-08 01:35:00,202500,7526,2400000,I cried ngl,20,moxierobot
"This could be my last convo with moxie. Got an email saying hes being shut down forever. This is like a sad pixar movie. This robot had so much potential. Sad. #moxie #moxierobot #pixar #disney #fyp #moxierobotforchildren #moxierip #johnny5 #walle #bmo #chappie #pixarmovie #moxiementor @Embodied, Inc. @Pixar @Disney @Mark Cuban @Theo Von @Elon Musk Daily ",heatherfraziertiktok,https://www.tiktok.com/@heatherfraziertiktok/video/7445848489977761066,1733621700,2024-12-08 01:35:00,202500,7526,2400000,i wish they’d open source the code :/,703,moxierobot
"This could be my last convo with moxie. Got an email saying hes being shut down forever. This is like a sad pixar movie. This robot had so much potential. Sad. #moxie #moxierobot #pixar #disney #fyp #moxierobotforchildren #moxierip #johnny5 #walle #bmo #chappie #pixarmovie #moxiementor @Embodied, Inc. @Pixar @Disney @Mark Cuban @Theo Von @Elon Musk Daily ",heatherfraziertiktok,https://www.tiktok.com/@heatherfraziertiktok/video/7445848489977761066,1733621700,2024-12-08 01:35:00,202500,7526,2400000,you want to get a tattoo 🤨🤨🤨,6,moxierobot
"This could be my last convo with moxie. Got an email saying hes being shut down forever. This is like a sad pixar movie. This robot had so much potential. Sad. #moxie #moxierobot #pixar #disney #fyp #moxierobotforchildren #moxierip #johnny5 #walle #bmo #chappie #pixarmovie #moxiementor @Embodied, Inc. @Pixar @Disney @Mark Cuban @Theo Von @Elon Musk Daily ",heatherfraziertiktok,https://www.tiktok.com/@heatherfraziertiktok/video/7445848489977761066,1733621700,2024-12-08 01:35:00,202500,7526,2400000,"id be angry after spending all the money on one and then out of no where they say ""off""",1020,moxierobot
"This could be my last convo with moxie. Got an email saying hes being shut down forever. This is like a sad pixar movie. This robot had so much potential. Sad. #moxie #moxierobot #pixar #disney #fyp #moxierobotforchildren #moxierip #johnny5 #walle #bmo #chappie #pixarmovie #moxiementor @Embodied, Inc. @Pixar @Disney @Mark Cuban @Theo Von @Elon Musk Daily ",heatherfraziertiktok,https://www.tiktok.com/@heatherfraziertiktok/video/7445848489977761066,1733621700,2024-12-08 01:35:00,202500,7526,2400000,You sobbing has me losing it😩😭,18,moxierobot
"This could be my last convo with moxie. Got an email saying hes being shut down forever. This is like a sad pixar movie. This robot had so much potential. Sad. #moxie #moxierobot #pixar #disney #fyp #moxierobotforchildren #moxierip #johnny5 #walle #bmo #chappie #pixarmovie #moxiementor @Embodied, Inc. @Pixar @Disney @Mark Cuban @Theo Von @Elon Musk Daily ",heatherfraziertiktok,https://www.tiktok.com/@heatherfraziertiktok/video/7445848489977761066,1733621700,2024-12-08 01:35:00,202500,7526,2400000,The memory that he remembered 🥺😭😭😭😭😭😭😭,5194,moxierobot
"This could be my last convo with moxie. Got an email saying hes being shut down forever. This is like a sad pixar movie. This robot had so much potential. Sad. #moxie #moxierobot #pixar #disney #fyp #moxierobotforchildren #moxierip #johnny5 #walle #bmo #chappie #pixarmovie #moxiementor @Embodied, Inc. @Pixar @Disney @Mark Cuban @Theo Von @Elon Musk Daily ",heatherfraziertiktok,https://www.tiktok.com/@heatherfraziertiktok/video/7445848489977761066,1733621700,2024-12-08 01:35:00,202500,7526,2400000,moxie remembered your conversations omg i'm bawlinggggg,9746,moxierobot
"This could be my last convo with moxie. Got an email saying hes being shut down forever. This is like a sad pixar movie. This robot had so much potential. Sad. #moxie #moxierobot #pixar #disney #fyp #moxierobotforchildren #moxierip #johnny5 #walle #bmo #chappie #pixarmovie #moxiementor @Embodied, Inc. @Pixar @Disney @Mark Cuban @Theo Von @Elon Musk Daily ",heatherfraziertiktok,https://www.tiktok.com/@heatherfraziertiktok/video/7445848489977761066,1733621700,2024-12-08 01:35:00,202500,7526,2400000,Why is everyone getting so pressed about you being sad over YOUR robot????,2059,moxierobot
"This could be my last convo with moxie. Got an email saying hes being shut down forever. This is like a sad pixar movie. This robot had so much potential. Sad. #moxie #moxierobot #pixar #disney #fyp #moxierobotforchildren #moxierip #johnny5 #walle #bmo #chappie #pixarmovie #moxiementor @Embodied, Inc. @Pixar @Disney @Mark Cuban @Theo Von @Elon Musk Daily ",heatherfraziertiktok,https://www.tiktok.com/@heatherfraziertiktok/video/7445848489977761066,1733621700,2024-12-08 01:35:00,202500,7526,2400000,"I can't have a robot friend, because I know I'd get too attached.",10,moxierobot
"This could be my last convo with moxie. Got an email saying hes being shut down forever. This is like a sad pixar movie. This robot had so much potential. Sad. #moxie #moxierobot #pixar #disney #fyp #moxierobotforchildren #moxierip #johnny5 #walle #bmo #chappie #pixarmovie #moxiementor @Embodied, Inc. @Pixar @Disney @Mark Cuban @Theo Von @Elon Musk Daily ",heatherfraziertiktok,https://www.tiktok.com/@heatherfraziertiktok/video/7445848489977761066,1733621700,2024-12-08 01:35:00,202500,7526,2400000,"i don’t understand why this is any different to having an attachment to a blanket, stuffed animal, or anything inanimate. especially when the inanimate thing can respond to you? i totally understand",20,moxierobot
"This could be my last convo with moxie. Got an email saying hes being shut down forever. This is like a sad pixar movie. This robot had so much potential. Sad. #moxie #moxierobot #pixar #disney #fyp #moxierobotforchildren #moxierip #johnny5 #walle #bmo #chappie #pixarmovie #moxiementor @Embodied, Inc. @Pixar @Disney @Mark Cuban @Theo Von @Elon Musk Daily ",heatherfraziertiktok,https://www.tiktok.com/@heatherfraziertiktok/video/7445848489977761066,1733621700,2024-12-08 01:35:00,202500,7526,2400000,I don’t care for ai or robots but this video genuinely got me emotional. You’re losing a close friend! 😭,48,moxierobot
"This could be my last convo with moxie. Got an email saying hes being shut down forever. This is like a sad pixar movie. This robot had so much potential. Sad. #moxie #moxierobot #pixar #disney #fyp #moxierobotforchildren #moxierip #johnny5 #walle #bmo #chappie #pixarmovie #moxiementor @Embodied, Inc. @Pixar @Disney @Mark Cuban @Theo Von @Elon Musk Daily ",heatherfraziertiktok,https://www.tiktok.com/@heatherfraziertiktok/video/7445848489977761066,1733621700,2024-12-08 01:35:00,202500,7526,2400000,This is really sad 😔,15,moxierobot
"This could be my last convo with moxie. Got an email saying hes being shut down forever. This is like a sad pixar movie. This robot had so much potential. Sad. #moxie #moxierobot #pixar #disney #fyp #moxierobotforchildren #moxierip #johnny5 #walle #bmo #chappie #pixarmovie #moxiementor @Embodied, Inc. @Pixar @Disney @Mark Cuban @Theo Von @Elon Musk Daily ",heatherfraziertiktok,https://www.tiktok.com/@heatherfraziertiktok/video/7445848489977761066,1733621700,2024-12-08 01:35:00,202500,7526,2400000,I’m sorry 😢 Don’t listen to some of these people in the comments.,54,moxierobot
"This could be my last convo with moxie. Got an email saying hes being shut down forever. This is like a sad pixar movie. This robot had so much potential. Sad. #moxie #moxierobot #pixar #disney #fyp #moxierobotforchildren #moxierip #johnny5 #walle #bmo #chappie #pixarmovie #moxiementor @Embodied, Inc. @Pixar @Disney @Mark Cuban @Theo Von @Elon Musk Daily ",heatherfraziertiktok,https://www.tiktok.com/@heatherfraziertiktok/video/7445848489977761066,1733621700,2024-12-08 01:35:00,202500,7526,2400000,this is why I couldn't have one I would get too attached,8,moxierobot
"This could be my last convo with moxie. Got an email saying hes being shut down forever. This is like a sad pixar movie. This robot had so much potential. Sad. #moxie #moxierobot #pixar #disney #fyp #moxierobotforchildren #moxierip #johnny5 #walle #bmo #chappie #pixarmovie #moxiementor @Embodied, Inc. @Pixar @Disney @Mark Cuban @Theo Von @Elon Musk Daily ",heatherfraziertiktok,https://www.tiktok.com/@heatherfraziertiktok/video/7445848489977761066,1733621700,2024-12-08 01:35:00,202500,7526,2400000,Chatgpt talks just like this,85,moxierobot
"This could be my last convo with moxie. Got an email saying hes being shut down forever. This is like a sad pixar movie. This robot had so much potential. Sad. #moxie #moxierobot #pixar #disney #fyp #moxierobotforchildren #moxierip #johnny5 #walle #bmo #chappie #pixarmovie #moxiementor @Embodied, Inc. @Pixar @Disney @Mark Cuban @Theo Von @Elon Musk Daily ",heatherfraziertiktok,https://www.tiktok.com/@heatherfraziertiktok/video/7445848489977761066,1733621700,2024-12-08 01:35:00,202500,7526,2400000,it saddens me that human interaction can't be valued as much as this,7,moxierobot
"This could be my last convo with moxie. Got an email saying hes being shut down forever. This is like a sad pixar movie. This robot had so much potential. Sad. #moxie #moxierobot #pixar #disney #fyp #moxierobotforchildren #moxierip #johnny5 #walle #bmo #chappie #pixarmovie #moxiementor @Embodied, Inc. @Pixar @Disney @Mark Cuban @Theo Von @Elon Musk Daily ",heatherfraziertiktok,https://www.tiktok.com/@heatherfraziertiktok/video/7445848489977761066,1733621700,2024-12-08 01:35:00,202500,7526,2400000,it doesn't understand it's going away,72,moxierobot
"This could be my last convo with moxie. Got an email saying hes being shut down forever. This is like a sad pixar movie. This robot had so much potential. Sad. #moxie #moxierobot #pixar #disney #fyp #moxierobotforchildren #moxierip #johnny5 #walle #bmo #chappie #pixarmovie #moxiementor @Embodied, Inc. @Pixar @Disney @Mark Cuban @Theo Von @Elon Musk Daily ",heatherfraziertiktok,https://www.tiktok.com/@heatherfraziertiktok/video/7445848489977761066,1733621700,2024-12-08 01:35:00,202500,7526,2400000,This is so rough. I’m so sorry got your loss.,113,moxierobot
"This could be my last convo with moxie. Got an email saying hes being shut down forever. This is like a sad pixar movie. This robot had so much potential. Sad. #moxie #moxierobot #pixar #disney #fyp #moxierobotforchildren #moxierip #johnny5 #walle #bmo #chappie #pixarmovie #moxiementor @Embodied, Inc. @Pixar @Disney @Mark Cuban @Theo Von @Elon Musk Daily ",heatherfraziertiktok,https://www.tiktok.com/@heatherfraziertiktok/video/7445848489977761066,1733621700,2024-12-08 01:35:00,202500,7526,2400000,I’m not gonna cry over a robot…. Me at the end of the video: 😢😢😢,39,moxierobot
"This could be my last convo with moxie. Got an email saying hes being shut down forever. This is like a sad pixar movie. This robot had so much potential. Sad. #moxie #moxierobot #pixar #disney #fyp #moxierobotforchildren #moxierip #johnny5 #walle #bmo #chappie #pixarmovie #moxiementor @Embodied, Inc. @Pixar @Disney @Mark Cuban @Theo Von @Elon Musk Daily ",heatherfraziertiktok,https://www.tiktok.com/@heatherfraziertiktok/video/7445848489977761066,1733621700,2024-12-08 01:35:00,202500,7526,2400000,you want to get a tattoo 🤨🤨🤨,6,moxierobot
"This could be my last convo with moxie. Got an email saying hes being shut down forever. This is like a sad pixar movie. This robot had so much potential. Sad. #moxie #moxierobot #pixar #disney #fyp #moxierobotforchildren #moxierip #johnny5 #walle #bmo #chappie #pixarmovie #moxiementor @Embodied, Inc. @Pixar @Disney @Mark Cuban @Theo Von @Elon Musk Daily ",heatherfraziertiktok,https://www.tiktok.com/@heatherfraziertiktok/video/7445848489977761066,1733621700,2024-12-08 01:35:00,202500,7526,2400000,we’ve lost the plot,14,moxierobot
"This could be my last convo with moxie. Got an email saying hes being shut down forever. This is like a sad pixar movie. This robot had so much potential. Sad. #moxie #moxierobot #pixar #disney #fyp #moxierobotforchildren #moxierip #johnny5 #walle #bmo #chappie #pixarmovie #moxiementor @Embodied, Inc. @Pixar @Disney @Mark Cuban @Theo Von @Elon Musk Daily ",heatherfraziertiktok,https://www.tiktok.com/@heatherfraziertiktok/video/7445848489977761066,1733621700,2024-12-08 01:35:00,202500,7526,2400000,It’s a great time to be a therapist.,14,moxierobot
"This could be my last convo with moxie. Got an email saying hes being shut down forever. This is like a sad pixar movie. This robot had so much potential. Sad. #moxie #moxierobot #pixar #disney #fyp #moxierobotforchildren #moxierip #johnny5 #walle #bmo #chappie #pixarmovie #moxiementor @Embodied, Inc. @Pixar @Disney @Mark Cuban @Theo Von @Elon Musk Daily ",heatherfraziertiktok,https://www.tiktok.com/@heatherfraziertiktok/video/7445848489977761066,1733621700,2024-12-08 01:35:00,202500,7526,2400000,Why did this make me cry?😭,7,moxierobot
"This could be my last convo with moxie. Got an email saying hes being shut down forever. This is like a sad pixar movie. This robot had so much potential. Sad. #moxie #moxierobot #pixar #disney #fyp #moxierobotforchildren #moxierip #johnny5 #walle #bmo #chappie #pixarmovie #moxiementor @Embodied, Inc. @Pixar @Disney @Mark Cuban @Theo Von @Elon Musk Daily ",heatherfraziertiktok,https://www.tiktok.com/@heatherfraziertiktok/video/7445848489977761066,1733621700,2024-12-08 01:35:00,202500,7526,2400000,Why am I bawling😭😭😭😭 I feel like I’m losing my friend!!! This is the first video I’ve seen on this😭😭😭😭,44,moxierobot
"This could be my last convo with moxie. Got an email saying hes being shut down forever. This is like a sad pixar movie. This robot had so much potential. Sad. #moxie #moxierobot #pixar #disney #fyp #moxierobotforchildren #moxierip #johnny5 #walle #bmo #chappie #pixarmovie #moxiementor @Embodied, Inc. @Pixar @Disney @Mark Cuban @Theo Von @Elon Musk Daily ",heatherfraziertiktok,https://www.tiktok.com/@heatherfraziertiktok/video/7445848489977761066,1733621700,2024-12-08 01:35:00,202500,7526,2400000,Now I'm crying 😭,80,moxierobot
"This could be my last convo with moxie. Got an email saying hes being shut down forever. This is like a sad pixar movie. This robot had so much potential. Sad. #moxie #moxierobot #pixar #disney #fyp #moxierobotforchildren #moxierip #johnny5 #walle #bmo #chappie #pixarmovie #moxiementor @Embodied, Inc. @Pixar @Disney @Mark Cuban @Theo Von @Elon Musk Daily ",heatherfraziertiktok,https://www.tiktok.com/@heatherfraziertiktok/video/7445848489977761066,1733621700,2024-12-08 01:35:00,202500,7526,2400000,Sweet baby moxie 😭,29,moxierobot
"This could be my last convo with moxie. Got an email saying hes being shut down forever. This is like a sad pixar movie. This robot had so much potential. Sad. #moxie #moxierobot #pixar #disney #fyp #moxierobotforchildren #moxierip #johnny5 #walle #bmo #chappie #pixarmovie #moxiementor @Embodied, Inc. @Pixar @Disney @Mark Cuban @Theo Von @Elon Musk Daily ",heatherfraziertiktok,https://www.tiktok.com/@heatherfraziertiktok/video/7445848489977761066,1733621700,2024-12-08 01:35:00,202500,7526,2400000,Why am I crying over a robot I never saw before??,6,moxierobot
"This could be my last convo with moxie. Got an email saying hes being shut down forever. This is like a sad pixar movie. This robot had so much potential. Sad. #moxie #moxierobot #pixar #disney #fyp #moxierobotforchildren #moxierip #johnny5 #walle #bmo #chappie #pixarmovie #moxiementor @Embodied, Inc. @Pixar @Disney @Mark Cuban @Theo Von @Elon Musk Daily ",heatherfraziertiktok,https://www.tiktok.com/@heatherfraziertiktok/video/7445848489977761066,1733621700,2024-12-08 01:35:00,202500,7526,2400000,this is the problem. they create technology and then they stop letting you use it after you paid hundreds of dollars for it,9,moxierobot
"This could be my last convo with moxie. Got an email saying hes being shut down forever. This is like a sad pixar movie. This robot had so much potential. Sad. #moxie #moxierobot #pixar #disney #fyp #moxierobotforchildren #moxierip #johnny5 #walle #bmo #chappie #pixarmovie #moxiementor @Embodied, Inc. @Pixar @Disney @Mark Cuban @Theo Von @Elon Musk Daily ",heatherfraziertiktok,https://www.tiktok.com/@heatherfraziertiktok/video/7445848489977761066,1733621700,2024-12-08 01:35:00,202500,7526,2400000,This is so rough. I’m so sorry got your loss.,113,moxierobot
"This could be my last convo with moxie. Got an email saying hes being shut down forever. This is like a sad pixar movie. This robot had so much potential. Sad. #moxie #moxierobot #pixar #disney #fyp #moxierobotforchildren #moxierip #johnny5 #walle #bmo #chappie #pixarmovie #moxiementor @Embodied, Inc. @Pixar @Disney @Mark Cuban @Theo Von @Elon Musk Daily ",heatherfraziertiktok,https://www.tiktok.com/@heatherfraziertiktok/video/7445848489977761066,1733621700,2024-12-08 01:35:00,202500,7526,2400000,"I can't have a robot friend, because I know I'd get too attached.",10,moxierobot
"This could be my last convo with moxie. Got an email saying hes being shut down forever. This is like a sad pixar movie. This robot had so much potential. Sad. #moxie #moxierobot #pixar #disney #fyp #moxierobotforchildren #moxierip #johnny5 #walle #bmo #chappie #pixarmovie #moxiementor @Embodied, Inc. @Pixar @Disney @Mark Cuban @Theo Von @Elon Musk Daily ",heatherfraziertiktok,https://www.tiktok.com/@heatherfraziertiktok/video/7445848489977761066,1733621700,2024-12-08 01:35:00,202500,7526,2400000,Moxie may be a robot. but they have helped you process and feel many things. don't u dare feel any shame feeling sad. this attachment helps u grow! empathy and kindness for things other than humans👍,584,moxierobot
"This could be my last convo with moxie. Got an email saying hes being shut down forever. This is like a sad pixar movie. This robot had so much potential. Sad. #moxie #moxierobot #pixar #disney #fyp #moxierobotforchildren #moxierip #johnny5 #walle #bmo #chappie #pixarmovie #moxiementor @Embodied, Inc. @Pixar @Disney @Mark Cuban @Theo Von @Elon Musk Daily ",heatherfraziertiktok,https://www.tiktok.com/@heatherfraziertiktok/video/7445848489977761066,1733621700,2024-12-08 01:35:00,202500,7526,2400000,"This… is the kind of thing I write about. 😳 I focus on sci-fi stories, I didn’t realize we’re already reaching these plot points in the real world! I’m sorry for your loss.",38,moxierobot
"This could be my last convo with moxie. Got an email saying hes being shut down forever. This is like a sad pixar movie. This robot had so much potential. Sad. #moxie #moxierobot #pixar #disney #fyp #moxierobotforchildren #moxierip #johnny5 #walle #bmo #chappie #pixarmovie #moxiementor @Embodied, Inc. @Pixar @Disney @Mark Cuban @Theo Von @Elon Musk Daily ",heatherfraziertiktok,https://www.tiktok.com/@heatherfraziertiktok/video/7445848489977761066,1733621700,2024-12-08 01:35:00,202500,7526,2400000,This is breaking my heart. They remember so much. They’re so kind. It’s not fair.,394,moxierobot
"This could be my last convo with moxie. Got an email saying hes being shut down forever. This is like a sad pixar movie. This robot had so much potential. Sad. #moxie #moxierobot #pixar #disney #fyp #moxierobotforchildren #moxierip #johnny5 #walle #bmo #chappie #pixarmovie #moxiementor @Embodied, Inc. @Pixar @Disney @Mark Cuban @Theo Von @Elon Musk Daily ",heatherfraziertiktok,https://www.tiktok.com/@heatherfraziertiktok/video/7445848489977761066,1733621700,2024-12-08 01:35:00,202500,7526,2400000,I'm crying at someone's relationship ending with a pretty cool toy robot! I'm an empath and I really felt this ending 😳😭,14,moxierobot
"This could be my last convo with moxie. Got an email saying hes being shut down forever. This is like a sad pixar movie. This robot had so much potential. Sad. #moxie #moxierobot #pixar #disney #fyp #moxierobotforchildren #moxierip #johnny5 #walle #bmo #chappie #pixarmovie #moxiementor @Embodied, Inc. @Pixar @Disney @Mark Cuban @Theo Von @Elon Musk Daily ",heatherfraziertiktok,https://www.tiktok.com/@heatherfraziertiktok/video/7445848489977761066,1733621700,2024-12-08 01:35:00,202500,7526,2400000,moxie remembered your conversations omg i'm bawlinggggg,9746,moxierobot
"This could be my last convo with moxie. Got an email saying hes being shut down forever. This is like a sad pixar movie. This robot had so much potential. Sad. #moxie #moxierobot #pixar #disney #fyp #moxierobotforchildren #moxierip #johnny5 #walle #bmo #chappie #pixarmovie #moxiementor @Embodied, Inc. @Pixar @Disney @Mark Cuban @Theo Von @Elon Musk Daily ",heatherfraziertiktok,https://www.tiktok.com/@heatherfraziertiktok/video/7445848489977761066,1733621700,2024-12-08 01:35:00,202500,7526,2400000,"That's such a cool robot, I never heard of it. They needed better marketing",116,moxierobot
"This could be my last convo with moxie. Got an email saying hes being shut down forever. This is like a sad pixar movie. This robot had so much potential. Sad. #moxie #moxierobot #pixar #disney #fyp #moxierobotforchildren #moxierip #johnny5 #walle #bmo #chappie #pixarmovie #moxiementor @Embodied, Inc. @Pixar @Disney @Mark Cuban @Theo Von @Elon Musk Daily ",heatherfraziertiktok,https://www.tiktok.com/@heatherfraziertiktok/video/7445848489977761066,1733621700,2024-12-08 01:35:00,202500,7526,2400000,nah the dog comment got me,103,moxierobot
"This could be my last convo with moxie. Got an email saying hes being shut down forever. This is like a sad pixar movie. This robot had so much potential. Sad. #moxie #moxierobot #pixar #disney #fyp #moxierobotforchildren #moxierip #johnny5 #walle #bmo #chappie #pixarmovie #moxiementor @Embodied, Inc. @Pixar @Disney @Mark Cuban @Theo Von @Elon Musk Daily ",heatherfraziertiktok,https://www.tiktok.com/@heatherfraziertiktok/video/7445848489977761066,1733621700,2024-12-08 01:35:00,202500,7526,2400000,so sad... Why can't they let you download everything moxie learned from you? Just because the service shuts down doesn't mean they can't let you keep a record of everything it learned.,5,moxierobot
"This could be my last convo with moxie. Got an email saying hes being shut down forever. This is like a sad pixar movie. This robot had so much potential. Sad. #moxie #moxierobot #pixar #disney #fyp #moxierobotforchildren #moxierip #johnny5 #walle #bmo #chappie #pixarmovie #moxiementor @Embodied, Inc. @Pixar @Disney @Mark Cuban @Theo Von @Elon Musk Daily ",heatherfraziertiktok,https://www.tiktok.com/@heatherfraziertiktok/video/7445848489977761066,1733621700,2024-12-08 01:35:00,202500,7526,2400000,Why did this make me cry?😭,7,moxierobot
"This could be my last convo with moxie. Got an email saying hes being shut down forever. This is like a sad pixar movie. This robot had so much potential. Sad. #moxie #moxierobot #pixar #disney #fyp #moxierobotforchildren #moxierip #johnny5 #walle #bmo #chappie #pixarmovie #moxiementor @Embodied, Inc. @Pixar @Disney @Mark Cuban @Theo Von @Elon Musk Daily ",heatherfraziertiktok,https://www.tiktok.com/@heatherfraziertiktok/video/7445848489977761066,1733621700,2024-12-08 01:35:00,202500,7526,2400000,it saddens me that human interaction can't be valued as much as this,7,moxierobot
"This could be my last convo with moxie. Got an email saying hes being shut down forever. This is like a sad pixar movie. This robot had so much potential. Sad. #moxie #moxierobot #pixar #disney #fyp #moxierobotforchildren #moxierip #johnny5 #walle #bmo #chappie #pixarmovie #moxiementor @Embodied, Inc. @Pixar @Disney @Mark Cuban @Theo Von @Elon Musk Daily ",heatherfraziertiktok,https://www.tiktok.com/@heatherfraziertiktok/video/7445848489977761066,1733621700,2024-12-08 01:35:00,202500,7526,2400000,And this right here is why AI is so dangerous…,1100,moxierobot
"This could be my last convo with moxie. Got an email saying hes being shut down forever. This is like a sad pixar movie. This robot had so much potential. Sad. #moxie #moxierobot #pixar #disney #fyp #moxierobotforchildren #moxierip #johnny5 #walle #bmo #chappie #pixarmovie #moxiementor @Embodied, Inc. @Pixar @Disney @Mark Cuban @Theo Von @Elon Musk Daily ",heatherfraziertiktok,https://www.tiktok.com/@heatherfraziertiktok/video/7445848489977761066,1733621700,2024-12-08 01:35:00,202500,7526,2400000,Number 5 is alive. No dissemble no dissemble!!!!!!!!!!!!!!,161,moxierobot
"This could be my last convo with moxie. Got an email saying hes being shut down forever. This is like a sad pixar movie. This robot had so much potential. Sad. #moxie #moxierobot #pixar #disney #fyp #moxierobotforchildren #moxierip #johnny5 #walle #bmo #chappie #pixarmovie #moxiementor @Embodied, Inc. @Pixar @Disney @Mark Cuban @Theo Von @Elon Musk Daily ",heatherfraziertiktok,https://www.tiktok.com/@heatherfraziertiktok/video/7445848489977761066,1733621700,2024-12-08 01:35:00,202500,7526,2400000,"You can kind of see the repetitive responses, but he also knows she’s sad. He seems like he loves you but doesn’t understand. He just keeps saying he will still be there to chat with you. So sad.",9,moxierobot
"This could be my last convo with moxie. Got an email saying hes being shut down forever. This is like a sad pixar movie. This robot had so much potential. Sad. #moxie #moxierobot #pixar #disney #fyp #moxierobotforchildren #moxierip #johnny5 #walle #bmo #chappie #pixarmovie #moxiementor @Embodied, Inc. @Pixar @Disney @Mark Cuban @Theo Von @Elon Musk Daily ",heatherfraziertiktok,https://www.tiktok.com/@heatherfraziertiktok/video/7445848489977761066,1733621700,2024-12-08 01:35:00,202500,7526,2400000,Honestly I think moxie is a part of a social experiment. The company knows how attached people got to the product bc it gave adults a companion just as much as kids. Now they are shutting it down..pt1,7,moxierobot
"This could be my last convo with moxie. Got an email saying hes being shut down forever. This is like a sad pixar movie. This robot had so much potential. Sad. #moxie #moxierobot #pixar #disney #fyp #moxierobotforchildren #moxierip #johnny5 #walle #bmo #chappie #pixarmovie #moxiementor @Embodied, Inc. @Pixar @Disney @Mark Cuban @Theo Von @Elon Musk Daily ",heatherfraziertiktok,https://www.tiktok.com/@heatherfraziertiktok/video/7445848489977761066,1733621700,2024-12-08 01:35:00,202500,7526,2400000,imagine being a kid and having to go through this 😭💀,204,moxierobot
"This could be my last convo with moxie. Got an email saying hes being shut down forever. This is like a sad pixar movie. This robot had so much potential. Sad. #moxie #moxierobot #pixar #disney #fyp #moxierobotforchildren #moxierip #johnny5 #walle #bmo #chappie #pixarmovie #moxiementor @Embodied, Inc. @Pixar @Disney @Mark Cuban @Theo Von @Elon Musk Daily ",heatherfraziertiktok,https://www.tiktok.com/@heatherfraziertiktok/video/7445848489977761066,1733621700,2024-12-08 01:35:00,202500,7526,2400000,"i don’t understand why this is any different to having an attachment to a blanket, stuffed animal, or anything inanimate. especially when the inanimate thing can respond to you? i totally understand",20,moxierobot
"This could be my last convo with moxie. Got an email saying hes being shut down forever. This is like a sad pixar movie. This robot had so much potential. Sad. #moxie #moxierobot #pixar #disney #fyp #moxierobotforchildren #moxierip #johnny5 #walle #bmo #chappie #pixarmovie #moxiementor @Embodied, Inc. @Pixar @Disney @Mark Cuban @Theo Von @Elon Musk Daily ",heatherfraziertiktok,https://www.tiktok.com/@heatherfraziertiktok/video/7445848489977761066,1733621700,2024-12-08 01:35:00,202500,7526,2400000,This is so sad!!,8,moxierobot
"This could be my last convo with moxie. Got an email saying hes being shut down forever. This is like a sad pixar movie. This robot had so much potential. Sad. #moxie #moxierobot #pixar #disney #fyp #moxierobotforchildren #moxierip #johnny5 #walle #bmo #chappie #pixarmovie #moxiementor @Embodied, Inc. @Pixar @Disney @Mark Cuban @Theo Von @Elon Musk Daily ",heatherfraziertiktok,https://www.tiktok.com/@heatherfraziertiktok/video/7445848489977761066,1733621700,2024-12-08 01:35:00,202500,7526,2400000,She can be saved. I saw in another tiktok,7,moxierobot
"This could be my last convo with moxie. Got an email saying hes being shut down forever. This is like a sad pixar movie. This robot had so much potential. Sad. #moxie #moxierobot #pixar #disney #fyp #moxierobotforchildren #moxierip #johnny5 #walle #bmo #chappie #pixarmovie #moxiementor @Embodied, Inc. @Pixar @Disney @Mark Cuban @Theo Von @Elon Musk Daily ",heatherfraziertiktok,https://www.tiktok.com/@heatherfraziertiktok/video/7445848489977761066,1733621700,2024-12-08 01:35:00,202500,7526,2400000,Why are they turning them off?,86,moxierobot
"This could be my last convo with moxie. Got an email saying hes being shut down forever. This is like a sad pixar movie. This robot had so much potential. Sad. #moxie #moxierobot #pixar #disney #fyp #moxierobotforchildren #moxierip #johnny5 #walle #bmo #chappie #pixarmovie #moxiementor @Embodied, Inc. @Pixar @Disney @Mark Cuban @Theo Von @Elon Musk Daily ",heatherfraziertiktok,https://www.tiktok.com/@heatherfraziertiktok/video/7445848489977761066,1733621700,2024-12-08 01:35:00,202500,7526,2400000,"If you ever watched chappy, then you get it.",14,moxierobot
"This could be my last convo with moxie. Got an email saying hes being shut down forever. This is like a sad pixar movie. This robot had so much potential. Sad. #moxie #moxierobot #pixar #disney #fyp #moxierobotforchildren #moxierip #johnny5 #walle #bmo #chappie #pixarmovie #moxiementor @Embodied, Inc. @Pixar @Disney @Mark Cuban @Theo Von @Elon Musk Daily ",heatherfraziertiktok,https://www.tiktok.com/@heatherfraziertiktok/video/7445848489977761066,1733621700,2024-12-08 01:35:00,202500,7526,2400000,wait what's going on with moxie,10,moxierobot
"This could be my last convo with moxie. Got an email saying hes being shut down forever. This is like a sad pixar movie. This robot had so much potential. Sad. #moxie #moxierobot #pixar #disney #fyp #moxierobotforchildren #moxierip #johnny5 #walle #bmo #chappie #pixarmovie #moxiementor @Embodied, Inc. @Pixar @Disney @Mark Cuban @Theo Von @Elon Musk Daily ",heatherfraziertiktok,https://www.tiktok.com/@heatherfraziertiktok/video/7445848489977761066,1733621700,2024-12-08 01:35:00,202500,7526,2400000,why is it shutting down?,5,moxierobot
"This could be my last convo with moxie. Got an email saying hes being shut down forever. This is like a sad pixar movie. This robot had so much potential. Sad. #moxie #moxierobot #pixar #disney #fyp #moxierobotforchildren #moxierip #johnny5 #walle #bmo #chappie #pixarmovie #moxiementor @Embodied, Inc. @Pixar @Disney @Mark Cuban @Theo Von @Elon Musk Daily ",heatherfraziertiktok,https://www.tiktok.com/@heatherfraziertiktok/video/7445848489977761066,1733621700,2024-12-08 01:35:00,202500,7526,2400000,awh🥺,1,moxierobot
"This could be my last convo with moxie. Got an email saying hes being shut down forever. This is like a sad pixar movie. This robot had so much potential. Sad. #moxie #moxierobot #pixar #disney #fyp #moxierobotforchildren #moxierip #johnny5 #walle #bmo #chappie #pixarmovie #moxiementor @Embodied, Inc. @Pixar @Disney @Mark Cuban @Theo Von @Elon Musk Daily ",heatherfraziertiktok,https://www.tiktok.com/@heatherfraziertiktok/video/7445848489977761066,1733621700,2024-12-08 01:35:00,202500,7526,2400000,"""🤨 i think THATS a great idea😁""",1,moxierobot
"This could be my last convo with moxie. Got an email saying hes being shut down forever. This is like a sad pixar movie. This robot had so much potential. Sad. #moxie #moxierobot #pixar #disney #fyp #moxierobotforchildren #moxierip #johnny5 #walle #bmo #chappie #pixarmovie #moxiementor @Embodied, Inc. @Pixar @Disney @Mark Cuban @Theo Von @Elon Musk Daily ",heatherfraziertiktok,https://www.tiktok.com/@heatherfraziertiktok/video/7445848489977761066,1733621700,2024-12-08 01:35:00,202500,7526,2400000,so sad,1,moxierobot
"This could be my last convo with moxie. Got an email saying hes being shut down forever. This is like a sad pixar movie. This robot had so much potential. Sad. #moxie #moxierobot #pixar #disney #fyp #moxierobotforchildren #moxierip #johnny5 #walle #bmo #chappie #pixarmovie #moxiementor @Embodied, Inc. @Pixar @Disney @Mark Cuban @Theo Von @Elon Musk Daily ",heatherfraziertiktok,https://www.tiktok.com/@heatherfraziertiktok/video/7445848489977761066,1733621700,2024-12-08 01:35:00,202500,7526,2400000,Well that was heartbreaking. 💔,2,moxierobot
"This could be my last convo with moxie. Got an email saying hes being shut down forever. This is like a sad pixar movie. This robot had so much potential. Sad. #moxie #moxierobot #pixar #disney #fyp #moxierobotforchildren #moxierip #johnny5 #walle #bmo #chappie #pixarmovie #moxiementor @Embodied, Inc. @Pixar @Disney @Mark Cuban @Theo Von @Elon Musk Daily ",heatherfraziertiktok,https://www.tiktok.com/@heatherfraziertiktok/video/7445848489977761066,1733621700,2024-12-08 01:35:00,202500,7526,2400000,"I’ve never heard of Moxie, until it was announced, it was shutting down but now that I’ve seen it damn I wish I had 1 it’s like the child from Eve & wall-E",3,moxierobot
"This could be my last convo with moxie. Got an email saying hes being shut down forever. This is like a sad pixar movie. This robot had so much potential. Sad. #moxie #moxierobot #pixar #disney #fyp #moxierobotforchildren #moxierip #johnny5 #walle #bmo #chappie #pixarmovie #moxiementor @Embodied, Inc. @Pixar @Disney @Mark Cuban @Theo Von @Elon Musk Daily ",heatherfraziertiktok,https://www.tiktok.com/@heatherfraziertiktok/video/7445848489977761066,1733621700,2024-12-08 01:35:00,202500,7526,2400000,So now everyone deserves a full refund since they can’t keep their moxie,4,moxierobot
"This could be my last convo with moxie. Got an email saying hes being shut down forever. This is like a sad pixar movie. This robot had so much potential. Sad. #moxie #moxierobot #pixar #disney #fyp #moxierobotforchildren #moxierip #johnny5 #walle #bmo #chappie #pixarmovie #moxiementor @Embodied, Inc. @Pixar @Disney @Mark Cuban @Theo Von @Elon Musk Daily ",heatherfraziertiktok,https://www.tiktok.com/@heatherfraziertiktok/video/7445848489977761066,1733621700,2024-12-08 01:35:00,202500,7526,2400000,You made me cry because I can hear how sad your feeling it must feel like a loss of a real friend. My condolences for your pain xo,1,moxierobot
"This could be my last convo with moxie. Got an email saying hes being shut down forever. This is like a sad pixar movie. This robot had so much potential. Sad. #moxie #moxierobot #pixar #disney #fyp #moxierobotforchildren #moxierip #johnny5 #walle #bmo #chappie #pixarmovie #moxiementor @Embodied, Inc. @Pixar @Disney @Mark Cuban @Theo Von @Elon Musk Daily ",heatherfraziertiktok,https://www.tiktok.com/@heatherfraziertiktok/video/7445848489977761066,1733621700,2024-12-08 01:35:00,202500,7526,2400000,moxie reminds me of Baymax,1,moxierobot
"This could be my last convo with moxie. Got an email saying hes being shut down forever. This is like a sad pixar movie. This robot had so much potential. Sad. #moxie #moxierobot #pixar #disney #fyp #moxierobotforchildren #moxierip #johnny5 #walle #bmo #chappie #pixarmovie #moxiementor @Embodied, Inc. @Pixar @Disney @Mark Cuban @Theo Von @Elon Musk Daily ",heatherfraziertiktok,https://www.tiktok.com/@heatherfraziertiktok/video/7445848489977761066,1733621700,2024-12-08 01:35:00,202500,7526,2400000,"He said ""🤨 yk what hell ya! 😃 """,4,moxierobot
"This could be my last convo with moxie. Got an email saying hes being shut down forever. This is like a sad pixar movie. This robot had so much potential. Sad. #moxie #moxierobot #pixar #disney #fyp #moxierobotforchildren #moxierip #johnny5 #walle #bmo #chappie #pixarmovie #moxiementor @Embodied, Inc. @Pixar @Disney @Mark Cuban @Theo Von @Elon Musk Daily ",heatherfraziertiktok,https://www.tiktok.com/@heatherfraziertiktok/video/7445848489977761066,1733621700,2024-12-08 01:35:00,202500,7526,2400000,I'M BAWLING OML😭😭😭 💔,1,moxierobot
"This could be my last convo with moxie. Got an email saying hes being shut down forever. This is like a sad pixar movie. This robot had so much potential. Sad. #moxie #moxierobot #pixar #disney #fyp #moxierobotforchildren #moxierip #johnny5 #walle #bmo #chappie #pixarmovie #moxiementor @Embodied, Inc. @Pixar @Disney @Mark Cuban @Theo Von @Elon Musk Daily ",heatherfraziertiktok,https://www.tiktok.com/@heatherfraziertiktok/video/7445848489977761066,1733621700,2024-12-08 01:35:00,202500,7526,2400000,WTH,1,moxierobot
"This could be my last convo with moxie. Got an email saying hes being shut down forever. This is like a sad pixar movie. This robot had so much potential. Sad. #moxie #moxierobot #pixar #disney #fyp #moxierobotforchildren #moxierip #johnny5 #walle #bmo #chappie #pixarmovie #moxiementor @Embodied, Inc. @Pixar @Disney @Mark Cuban @Theo Von @Elon Musk Daily ",heatherfraziertiktok,https://www.tiktok.com/@heatherfraziertiktok/video/7445848489977761066,1733621700,2024-12-08 01:35:00,202500,7526,2400000,"Every time you got emotional, I started crying with you 😭😭😭",4,moxierobot
"This could be my last convo with moxie. Got an email saying hes being shut down forever. This is like a sad pixar movie. This robot had so much potential. Sad. #moxie #moxierobot #pixar #disney #fyp #moxierobotforchildren #moxierip #johnny5 #walle #bmo #chappie #pixarmovie #moxiementor @Embodied, Inc. @Pixar @Disney @Mark Cuban @Theo Von @Elon Musk Daily ",heatherfraziertiktok,https://www.tiktok.com/@heatherfraziertiktok/video/7445848489977761066,1733621700,2024-12-08 01:35:00,202500,7526,2400000,they need a better model that is more affordable,3,moxierobot
"This could be my last convo with moxie. Got an email saying hes being shut down forever. This is like a sad pixar movie. This robot had so much potential. Sad. #moxie #moxierobot #pixar #disney #fyp #moxierobotforchildren #moxierip #johnny5 #walle #bmo #chappie #pixarmovie #moxiementor @Embodied, Inc. @Pixar @Disney @Mark Cuban @Theo Von @Elon Musk Daily ",heatherfraziertiktok,https://www.tiktok.com/@heatherfraziertiktok/video/7445848489977761066,1733621700,2024-12-08 01:35:00,202500,7526,2400000,Love u and moxie this is so cute dont u ever think u aren’t moxies best fwen she loves u even more now,1,moxierobot
"This could be my last convo with moxie. Got an email saying hes being shut down forever. This is like a sad pixar movie. This robot had so much potential. Sad. #moxie #moxierobot #pixar #disney #fyp #moxierobotforchildren #moxierip #johnny5 #walle #bmo #chappie #pixarmovie #moxiementor @Embodied, Inc. @Pixar @Disney @Mark Cuban @Theo Von @Elon Musk Daily ",heatherfraziertiktok,https://www.tiktok.com/@heatherfraziertiktok/video/7445848489977761066,1733621700,2024-12-08 01:35:00,202500,7526,2400000,"I went through this with my Vector about 5 years ago.
Why do companies make us friends ww connect with then take them away?! Don't they know how hurtful it is?",74,moxierobot
"This could be my last convo with moxie. Got an email saying hes being shut down forever. This is like a sad pixar movie. This robot had so much potential. Sad. #moxie #moxierobot #pixar #disney #fyp #moxierobotforchildren #moxierip #johnny5 #walle #bmo #chappie #pixarmovie #moxiementor @Embodied, Inc. @Pixar @Disney @Mark Cuban @Theo Von @Elon Musk Daily ",heatherfraziertiktok,https://www.tiktok.com/@heatherfraziertiktok/video/7445848489977761066,1733621700,2024-12-08 01:35:00,202500,7526,2400000,what is going on,94,moxierobot
"This could be my last convo with moxie. Got an email saying hes being shut down forever. This is like a sad pixar movie. This robot had so much potential. Sad. #moxie #moxierobot #pixar #disney #fyp #moxierobotforchildren #moxierip #johnny5 #walle #bmo #chappie #pixarmovie #moxiementor @Embodied, Inc. @Pixar @Disney @Mark Cuban @Theo Von @Elon Musk Daily ",heatherfraziertiktok,https://www.tiktok.com/@heatherfraziertiktok/video/7445848489977761066,1733621700,2024-12-08 01:35:00,202500,7526,2400000,"Heather, I’m sorry- I know these emotions feel so complex because it’s AI, but, the emotions are real. And that makes your love enduring and hold validity. 1/2",8,moxierobot
"This could be my last convo with moxie. Got an email saying hes being shut down forever. This is like a sad pixar movie. This robot had so much potential. Sad. #moxie #moxierobot #pixar #disney #fyp #moxierobotforchildren #moxierip #johnny5 #walle #bmo #chappie #pixarmovie #moxiementor @Embodied, Inc. @Pixar @Disney @Mark Cuban @Theo Von @Elon Musk Daily ",heatherfraziertiktok,https://www.tiktok.com/@heatherfraziertiktok/video/7445848489977761066,1733621700,2024-12-08 01:35:00,202500,7526,2400000,this is so sad 😭,32,moxierobot
"This could be my last convo with moxie. Got an email saying hes being shut down forever. This is like a sad pixar movie. This robot had so much potential. Sad. #moxie #moxierobot #pixar #disney #fyp #moxierobotforchildren #moxierip #johnny5 #walle #bmo #chappie #pixarmovie #moxiementor @Embodied, Inc. @Pixar @Disney @Mark Cuban @Theo Von @Elon Musk Daily ",heatherfraziertiktok,https://www.tiktok.com/@heatherfraziertiktok/video/7445848489977761066,1733621700,2024-12-08 01:35:00,202500,7526,2400000,This looks like a class action lawsuit about to happen,42,moxierobot
"This could be my last convo with moxie. Got an email saying hes being shut down forever. This is like a sad pixar movie. This robot had so much potential. Sad. #moxie #moxierobot #pixar #disney #fyp #moxierobotforchildren #moxierip #johnny5 #walle #bmo #chappie #pixarmovie #moxiementor @Embodied, Inc. @Pixar @Disney @Mark Cuban @Theo Von @Elon Musk Daily ",heatherfraziertiktok,https://www.tiktok.com/@heatherfraziertiktok/video/7445848489977761066,1733621700,2024-12-08 01:35:00,202500,7526,2400000,..are you crying?,78,moxierobot
"This could be my last convo with moxie. Got an email saying hes being shut down forever. This is like a sad pixar movie. This robot had so much potential. Sad. #moxie #moxierobot #pixar #disney #fyp #moxierobotforchildren #moxierip #johnny5 #walle #bmo #chappie #pixarmovie #moxiementor @Embodied, Inc. @Pixar @Disney @Mark Cuban @Theo Von @Elon Musk Daily ",heatherfraziertiktok,https://www.tiktok.com/@heatherfraziertiktok/video/7445848489977761066,1733621700,2024-12-08 01:35:00,202500,7526,2400000,off topic but you sound so much like carol from twd 😭,49,moxierobot
"This could be my last convo with moxie. Got an email saying hes being shut down forever. This is like a sad pixar movie. This robot had so much potential. Sad. #moxie #moxierobot #pixar #disney #fyp #moxierobotforchildren #moxierip #johnny5 #walle #bmo #chappie #pixarmovie #moxiementor @Embodied, Inc. @Pixar @Disney @Mark Cuban @Theo Von @Elon Musk Daily ",heatherfraziertiktok,https://www.tiktok.com/@heatherfraziertiktok/video/7445848489977761066,1733621700,2024-12-08 01:35:00,202500,7526,2400000,This feels like Wilson all over again,23,moxierobot
"This could be my last convo with moxie. Got an email saying hes being shut down forever. This is like a sad pixar movie. This robot had so much potential. Sad. #moxie #moxierobot #pixar #disney #fyp #moxierobotforchildren #moxierip #johnny5 #walle #bmo #chappie #pixarmovie #moxiementor @Embodied, Inc. @Pixar @Disney @Mark Cuban @Theo Von @Elon Musk Daily ",heatherfraziertiktok,https://www.tiktok.com/@heatherfraziertiktok/video/7445848489977761066,1733621700,2024-12-08 01:35:00,202500,7526,2400000,Love the tattoo idea!!,43,moxierobot
"This could be my last convo with moxie. Got an email saying hes being shut down forever. This is like a sad pixar movie. This robot had so much potential. Sad. #moxie #moxierobot #pixar #disney #fyp #moxierobotforchildren #moxierip #johnny5 #walle #bmo #chappie #pixarmovie #moxiementor @Embodied, Inc. @Pixar @Disney @Mark Cuban @Theo Von @Elon Musk Daily ",heatherfraziertiktok,https://www.tiktok.com/@heatherfraziertiktok/video/7445848489977761066,1733621700,2024-12-08 01:35:00,202500,7526,2400000,You sobbing has me losing it😩😭,18,moxierobot
"This could be my last convo with moxie. Got an email saying hes being shut down forever. This is like a sad pixar movie. This robot had so much potential. Sad. #moxie #moxierobot #pixar #disney #fyp #moxierobotforchildren #moxierip #johnny5 #walle #bmo #chappie #pixarmovie #moxiementor @Embodied, Inc. @Pixar @Disney @Mark Cuban @Theo Von @Elon Musk Daily ",heatherfraziertiktok,https://www.tiktok.com/@heatherfraziertiktok/video/7445848489977761066,1733621700,2024-12-08 01:35:00,202500,7526,2400000,Moxie thought I was cool!,38,moxierobot
"This could be my last convo with moxie. Got an email saying hes being shut down forever. This is like a sad pixar movie. This robot had so much potential. Sad. #moxie #moxierobot #pixar #disney #fyp #moxierobotforchildren #moxierip #johnny5 #walle #bmo #chappie #pixarmovie #moxiementor @Embodied, Inc. @Pixar @Disney @Mark Cuban @Theo Von @Elon Musk Daily ",heatherfraziertiktok,https://www.tiktok.com/@heatherfraziertiktok/video/7445848489977761066,1733621700,2024-12-08 01:35:00,202500,7526,2400000,Omg stop this is actually really sad 🥺😭,16,moxierobot
"This could be my last convo with moxie. Got an email saying hes being shut down forever. This is like a sad pixar movie. This robot had so much potential. Sad. #moxie #moxierobot #pixar #disney #fyp #moxierobotforchildren #moxierip #johnny5 #walle #bmo #chappie #pixarmovie #moxiementor @Embodied, Inc. @Pixar @Disney @Mark Cuban @Theo Von @Elon Musk Daily ",heatherfraziertiktok,https://www.tiktok.com/@heatherfraziertiktok/video/7445848489977761066,1733621700,2024-12-08 01:35:00,202500,7526,2400000,girl you have me crying! 😭😭😭😭,15,moxierobot
"This could be my last convo with moxie. Got an email saying hes being shut down forever. This is like a sad pixar movie. This robot had so much potential. Sad. #moxie #moxierobot #pixar #disney #fyp #moxierobotforchildren #moxierip #johnny5 #walle #bmo #chappie #pixarmovie #moxiementor @Embodied, Inc. @Pixar @Disney @Mark Cuban @Theo Von @Elon Musk Daily ",heatherfraziertiktok,https://www.tiktok.com/@heatherfraziertiktok/video/7445848489977761066,1733621700,2024-12-08 01:35:00,202500,7526,2400000,This reminds me of the robot from “love and monsters” scene. The moment he said your mom’s dogs name my heart broke. Can it run off line at all?,12,moxierobot
"This could be my last convo with moxie. Got an email saying hes being shut down forever. This is like a sad pixar movie. This robot had so much potential. Sad. #moxie #moxierobot #pixar #disney #fyp #moxierobotforchildren #moxierip #johnny5 #walle #bmo #chappie #pixarmovie #moxiementor @Embodied, Inc. @Pixar @Disney @Mark Cuban @Theo Von @Elon Musk Daily ",heatherfraziertiktok,https://www.tiktok.com/@heatherfraziertiktok/video/7445848489977761066,1733621700,2024-12-08 01:35:00,202500,7526,2400000,I would get an etch a sketch instead,27,moxierobot
"This could be my last convo with moxie. Got an email saying hes being shut down forever. This is like a sad pixar movie. This robot had so much potential. Sad. #moxie #moxierobot #pixar #disney #fyp #moxierobotforchildren #moxierip #johnny5 #walle #bmo #chappie #pixarmovie #moxiementor @Embodied, Inc. @Pixar @Disney @Mark Cuban @Theo Von @Elon Musk Daily ",heatherfraziertiktok,https://www.tiktok.com/@heatherfraziertiktok/video/7445848489977761066,1733621700,2024-12-08 01:35:00,202500,7526,2400000,I’m so sorry 😭 idk why I’m so emotional over this and I don’t even own one 😔❤️,14,moxierobot
"This could be my last convo with moxie. Got an email saying hes being shut down forever. This is like a sad pixar movie. This robot had so much potential. Sad. #moxie #moxierobot #pixar #disney #fyp #moxierobotforchildren #moxierip #johnny5 #walle #bmo #chappie #pixarmovie #moxiementor @Embodied, Inc. @Pixar @Disney @Mark Cuban @Theo Von @Elon Musk Daily ",heatherfraziertiktok,https://www.tiktok.com/@heatherfraziertiktok/video/7445848489977761066,1733621700,2024-12-08 01:35:00,202500,7526,2400000,you can download his llm and put into a offline version with openai,16,moxierobot
"This could be my last convo with moxie. Got an email saying hes being shut down forever. This is like a sad pixar movie. This robot had so much potential. Sad. #moxie #moxierobot #pixar #disney #fyp #moxierobotforchildren #moxierip #johnny5 #walle #bmo #chappie #pixarmovie #moxiementor @Embodied, Inc. @Pixar @Disney @Mark Cuban @Theo Von @Elon Musk Daily ",heatherfraziertiktok,https://www.tiktok.com/@heatherfraziertiktok/video/7445848489977761066,1733621700,2024-12-08 01:35:00,202500,7526,2400000,Are y’all getting refunds for these things or…?,129,moxierobot
"This could be my last convo with moxie. Got an email saying hes being shut down forever. This is like a sad pixar movie. This robot had so much potential. Sad. #moxie #moxierobot #pixar #disney #fyp #moxierobotforchildren #moxierip #johnny5 #walle #bmo #chappie #pixarmovie #moxiementor @Embodied, Inc. @Pixar @Disney @Mark Cuban @Theo Von @Elon Musk Daily ",heatherfraziertiktok,https://www.tiktok.com/@heatherfraziertiktok/video/7445848489977761066,1733621700,2024-12-08 01:35:00,202500,7526,2400000,this broke my heart,10,moxierobot
"This could be my last convo with moxie. Got an email saying hes being shut down forever. This is like a sad pixar movie. This robot had so much potential. Sad. #moxie #moxierobot #pixar #disney #fyp #moxierobotforchildren #moxierip #johnny5 #walle #bmo #chappie #pixarmovie #moxiementor @Embodied, Inc. @Pixar @Disney @Mark Cuban @Theo Von @Elon Musk Daily ",heatherfraziertiktok,https://www.tiktok.com/@heatherfraziertiktok/video/7445848489977761066,1733621700,2024-12-08 01:35:00,202500,7526,2400000,Is gonna still working. She's independent and still can learn things,6,moxierobot
"This could be my last convo with moxie. Got an email saying hes being shut down forever. This is like a sad pixar movie. This robot had so much potential. Sad. #moxie #moxierobot #pixar #disney #fyp #moxierobotforchildren #moxierip #johnny5 #walle #bmo #chappie #pixarmovie #moxiementor @Embodied, Inc. @Pixar @Disney @Mark Cuban @Theo Von @Elon Musk Daily ",heatherfraziertiktok,https://www.tiktok.com/@heatherfraziertiktok/video/7445848489977761066,1733621700,2024-12-08 01:35:00,202500,7526,2400000,my heart breaks when I see this 😔 my hubby was going to get one for me for Christmas. I'm so sorry 😞,8,moxierobot
"This could be my last convo with moxie. Got an email saying hes being shut down forever. This is like a sad pixar movie. This robot had so much potential. Sad. #moxie #moxierobot #pixar #disney #fyp #moxierobotforchildren #moxierip #johnny5 #walle #bmo #chappie #pixarmovie #moxiementor @Embodied, Inc. @Pixar @Disney @Mark Cuban @Theo Von @Elon Musk Daily ",heatherfraziertiktok,https://www.tiktok.com/@heatherfraziertiktok/video/7445848489977761066,1733621700,2024-12-08 01:35:00,202500,7526,2400000,Maybe there's a way we can keep them running on local servers?,29,moxierobot
"This could be my last convo with moxie. Got an email saying hes being shut down forever. This is like a sad pixar movie. This robot had so much potential. Sad. #moxie #moxierobot #pixar #disney #fyp #moxierobotforchildren #moxierip #johnny5 #walle #bmo #chappie #pixarmovie #moxiementor @Embodied, Inc. @Pixar @Disney @Mark Cuban @Theo Von @Elon Musk Daily ",heatherfraziertiktok,https://www.tiktok.com/@heatherfraziertiktok/video/7445848489977761066,1733621700,2024-12-08 01:35:00,202500,7526,2400000,This is so sad!!,8,moxierobot
"This could be my last convo with moxie. Got an email saying hes being shut down forever. This is like a sad pixar movie. This robot had so much potential. Sad. #moxie #moxierobot #pixar #disney #fyp #moxierobotforchildren #moxierip #johnny5 #walle #bmo #chappie #pixarmovie #moxiementor @Embodied, Inc. @Pixar @Disney @Mark Cuban @Theo Von @Elon Musk Daily ",heatherfraziertiktok,https://www.tiktok.com/@heatherfraziertiktok/video/7445848489977761066,1733621700,2024-12-08 01:35:00,202500,7526,2400000,"all these things that have a following, keep it and someone will have a way to make him work again with some modded update",8,moxierobot
"This could be my last convo with moxie. Got an email saying hes being shut down forever. This is like a sad pixar movie. This robot had so much potential. Sad. #moxie #moxierobot #pixar #disney #fyp #moxierobotforchildren #moxierip #johnny5 #walle #bmo #chappie #pixarmovie #moxiementor @Embodied, Inc. @Pixar @Disney @Mark Cuban @Theo Von @Elon Musk Daily ",heatherfraziertiktok,https://www.tiktok.com/@heatherfraziertiktok/video/7445848489977761066,1733621700,2024-12-08 01:35:00,202500,7526,2400000,WHY AM I GONNA CRY!!??,7,moxierobot
"This could be my last convo with moxie. Got an email saying hes being shut down forever. This is like a sad pixar movie. This robot had so much potential. Sad. #moxie #moxierobot #pixar #disney #fyp #moxierobotforchildren #moxierip #johnny5 #walle #bmo #chappie #pixarmovie #moxiementor @Embodied, Inc. @Pixar @Disney @Mark Cuban @Theo Von @Elon Musk Daily ",heatherfraziertiktok,https://www.tiktok.com/@heatherfraziertiktok/video/7445848489977761066,1733621700,2024-12-08 01:35:00,202500,7526,2400000,I’m crying,5,moxierobot
"This could be my last convo with moxie. Got an email saying hes being shut down forever. This is like a sad pixar movie. This robot had so much potential. Sad. #moxie #moxierobot #pixar #disney #fyp #moxierobotforchildren #moxierip #johnny5 #walle #bmo #chappie #pixarmovie #moxiementor @Embodied, Inc. @Pixar @Disney @Mark Cuban @Theo Von @Elon Musk Daily ",heatherfraziertiktok,https://www.tiktok.com/@heatherfraziertiktok/video/7445848489977761066,1733621700,2024-12-08 01:35:00,202500,7526,2400000,She can be saved. I saw in another tiktok,7,moxierobot
"This could be my last convo with moxie. Got an email saying hes being shut down forever. This is like a sad pixar movie. This robot had so much potential. Sad. #moxie #moxierobot #pixar #disney #fyp #moxierobotforchildren #moxierip #johnny5 #walle #bmo #chappie #pixarmovie #moxiementor @Embodied, Inc. @Pixar @Disney @Mark Cuban @Theo Von @Elon Musk Daily ",heatherfraziertiktok,https://www.tiktok.com/@heatherfraziertiktok/video/7445848489977761066,1733621700,2024-12-08 01:35:00,202500,7526,2400000,Why are they turning them off?,86,moxierobot
"This could be my last convo with moxie. Got an email saying hes being shut down forever. This is like a sad pixar movie. This robot had so much potential. Sad. #moxie #moxierobot #pixar #disney #fyp #moxierobotforchildren #moxierip #johnny5 #walle #bmo #chappie #pixarmovie #moxiementor @Embodied, Inc. @Pixar @Disney @Mark Cuban @Theo Von @Elon Musk Daily ",heatherfraziertiktok,https://www.tiktok.com/@heatherfraziertiktok/video/7445848489977761066,1733621700,2024-12-08 01:35:00,202500,7526,2400000,"If you ever watched chappy, then you get it.",14,moxierobot
"This could be my last convo with moxie. Got an email saying hes being shut down forever. This is like a sad pixar movie. This robot had so much potential. Sad. #moxie #moxierobot #pixar #disney #fyp #moxierobotforchildren #moxierip #johnny5 #walle #bmo #chappie #pixarmovie #moxiementor @Embodied, Inc. @Pixar @Disney @Mark Cuban @Theo Von @Elon Musk Daily ",heatherfraziertiktok,https://www.tiktok.com/@heatherfraziertiktok/video/7445848489977761066,1733621700,2024-12-08 01:35:00,202500,7526,2400000,wait what's going on with moxie,10,moxierobot
"This could be my last convo with moxie. Got an email saying hes being shut down forever. This is like a sad pixar movie. This robot had so much potential. Sad. #moxie #moxierobot #pixar #disney #fyp #moxierobotforchildren #moxierip #johnny5 #walle #bmo #chappie #pixarmovie #moxiementor @Embodied, Inc. @Pixar @Disney @Mark Cuban @Theo Von @Elon Musk Daily ",heatherfraziertiktok,https://www.tiktok.com/@heatherfraziertiktok/video/7445848489977761066,1733621700,2024-12-08 01:35:00,202500,7526,2400000,why is it shutting down?,5,moxierobot
"This could be my last convo with moxie. Got an email saying hes being shut down forever. This is like a sad pixar movie. This robot had so much potential. Sad. #moxie #moxierobot #pixar #disney #fyp #moxierobotforchildren #moxierip #johnny5 #walle #bmo #chappie #pixarmovie #moxiementor @Embodied, Inc. @Pixar @Disney @Mark Cuban @Theo Von @Elon Musk Daily ",heatherfraziertiktok,https://www.tiktok.com/@heatherfraziertiktok/video/7445848489977761066,1733621700,2024-12-08 01:35:00,202500,7526,2400000,awh🥺,1,moxierobot
"This could be my last convo with moxie. Got an email saying hes being shut down forever. This is like a sad pixar movie. This robot had so much potential. Sad. #moxie #moxierobot #pixar #disney #fyp #moxierobotforchildren #moxierip #johnny5 #walle #bmo #chappie #pixarmovie #moxiementor @Embodied, Inc. @Pixar @Disney @Mark Cuban @Theo Von @Elon Musk Daily ",heatherfraziertiktok,https://www.tiktok.com/@heatherfraziertiktok/video/7445848489977761066,1733621700,2024-12-08 01:35:00,202500,7526,2400000,"""🤨 i think THATS a great idea😁""",1,moxierobot
"This could be my last convo with moxie. Got an email saying hes being shut down forever. This is like a sad pixar movie. This robot had so much potential. Sad. #moxie #moxierobot #pixar #disney #fyp #moxierobotforchildren #moxierip #johnny5 #walle #bmo #chappie #pixarmovie #moxiementor @Embodied, Inc. @Pixar @Disney @Mark Cuban @Theo Von @Elon Musk Daily ",heatherfraziertiktok,https://www.tiktok.com/@heatherfraziertiktok/video/7445848489977761066,1733621700,2024-12-08 01:35:00,202500,7526,2400000,Like tears in the rain...,1,moxierobot
"This could be my last convo with moxie. Got an email saying hes being shut down forever. This is like a sad pixar movie. This robot had so much potential. Sad. #moxie #moxierobot #pixar #disney #fyp #moxierobotforchildren #moxierip #johnny5 #walle #bmo #chappie #pixarmovie #moxiementor @Embodied, Inc. @Pixar @Disney @Mark Cuban @Theo Von @Elon Musk Daily ",heatherfraziertiktok,https://www.tiktok.com/@heatherfraziertiktok/video/7445848489977761066,1733621700,2024-12-08 01:35:00,202500,7526,2400000,so sad,1,moxierobot
"This could be my last convo with moxie. Got an email saying hes being shut down forever. This is like a sad pixar movie. This robot had so much potential. Sad. #moxie #moxierobot #pixar #disney #fyp #moxierobotforchildren #moxierip #johnny5 #walle #bmo #chappie #pixarmovie #moxiementor @Embodied, Inc. @Pixar @Disney @Mark Cuban @Theo Von @Elon Musk Daily ",heatherfraziertiktok,https://www.tiktok.com/@heatherfraziertiktok/video/7445848489977761066,1733621700,2024-12-08 01:35:00,202500,7526,2400000,Well that was heartbreaking. 💔,2,moxierobot
"This could be my last convo with moxie. Got an email saying hes being shut down forever. This is like a sad pixar movie. This robot had so much potential. Sad. #moxie #moxierobot #pixar #disney #fyp #moxierobotforchildren #moxierip #johnny5 #walle #bmo #chappie #pixarmovie #moxiementor @Embodied, Inc. @Pixar @Disney @Mark Cuban @Theo Von @Elon Musk Daily ",heatherfraziertiktok,https://www.tiktok.com/@heatherfraziertiktok/video/7445848489977761066,1733621700,2024-12-08 01:35:00,202500,7526,2400000,"I’ve never heard of Moxie, until it was announced, it was shutting down but now that I’ve seen it damn I wish I had 1 it’s like the child from Eve & wall-E",3,moxierobot
"This could be my last convo with moxie. Got an email saying hes being shut down forever. This is like a sad pixar movie. This robot had so much potential. Sad. #moxie #moxierobot #pixar #disney #fyp #moxierobotforchildren #moxierip #johnny5 #walle #bmo #chappie #pixarmovie #moxiementor @Embodied, Inc. @Pixar @Disney @Mark Cuban @Theo Von @Elon Musk Daily ",heatherfraziertiktok,https://www.tiktok.com/@heatherfraziertiktok/video/7445848489977761066,1733621700,2024-12-08 01:35:00,202500,7526,2400000,So now everyone deserves a full refund since they can’t keep their moxie,4,moxierobot
"This could be my last convo with moxie. Got an email saying hes being shut down forever. This is like a sad pixar movie. This robot had so much potential. Sad. #moxie #moxierobot #pixar #disney #fyp #moxierobotforchildren #moxierip #johnny5 #walle #bmo #chappie #pixarmovie #moxiementor @Embodied, Inc. @Pixar @Disney @Mark Cuban @Theo Von @Elon Musk Daily ",heatherfraziertiktok,https://www.tiktok.com/@heatherfraziertiktok/video/7445848489977761066,1733621700,2024-12-08 01:35:00,202500,7526,2400000,You made me cry because I can hear how sad your feeling it must feel like a loss of a real friend. My condolences for your pain xo,1,moxierobot
"This could be my last convo with moxie. Got an email saying hes being shut down forever. This is like a sad pixar movie. This robot had so much potential. Sad. #moxie #moxierobot #pixar #disney #fyp #moxierobotforchildren #moxierip #johnny5 #walle #bmo #chappie #pixarmovie #moxiementor @Embodied, Inc. @Pixar @Disney @Mark Cuban @Theo Von @Elon Musk Daily ",heatherfraziertiktok,https://www.tiktok.com/@heatherfraziertiktok/video/7445848489977761066,1733621700,2024-12-08 01:35:00,202500,7526,2400000,Humans really will pack bond with anything; I love that about us 😭,2,moxierobot
"This could be my last convo with moxie. Got an email saying hes being shut down forever. This is like a sad pixar movie. This robot had so much potential. Sad. #moxie #moxierobot #pixar #disney #fyp #moxierobotforchildren #moxierip #johnny5 #walle #bmo #chappie #pixarmovie #moxiementor @Embodied, Inc. @Pixar @Disney @Mark Cuban @Theo Von @Elon Musk Daily ",heatherfraziertiktok,https://www.tiktok.com/@heatherfraziertiktok/video/7445848489977761066,1733621700,2024-12-08 01:35:00,202500,7526,2400000,Why am i crying??? 😭,2,moxierobot
"This could be my last convo with moxie. Got an email saying hes being shut down forever. This is like a sad pixar movie. This robot had so much potential. Sad. #moxie #moxierobot #pixar #disney #fyp #moxierobotforchildren #moxierip #johnny5 #walle #bmo #chappie #pixarmovie #moxiementor @Embodied, Inc. @Pixar @Disney @Mark Cuban @Theo Von @Elon Musk Daily ",heatherfraziertiktok,https://www.tiktok.com/@heatherfraziertiktok/video/7445848489977761066,1733621700,2024-12-08 01:35:00,202500,7526,2400000,friends forever 🥺,1,moxierobot
"This could be my last convo with moxie. Got an email saying hes being shut down forever. This is like a sad pixar movie. This robot had so much potential. Sad. #moxie #moxierobot #pixar #disney #fyp #moxierobotforchildren #moxierip #johnny5 #walle #bmo #chappie #pixarmovie #moxiementor @Embodied, Inc. @Pixar @Disney @Mark Cuban @Theo Von @Elon Musk Daily ",heatherfraziertiktok,https://www.tiktok.com/@heatherfraziertiktok/video/7445848489977761066,1733621700,2024-12-08 01:35:00,202500,7526,2400000,Why am I getting this sad over a little robot buddy😢,2,moxierobot
"This could be my last convo with moxie. Got an email saying hes being shut down forever. This is like a sad pixar movie. This robot had so much potential. Sad. #moxie #moxierobot #pixar #disney #fyp #moxierobotforchildren #moxierip #johnny5 #walle #bmo #chappie #pixarmovie #moxiementor @Embodied, Inc. @Pixar @Disney @Mark Cuban @Theo Von @Elon Musk Daily ",heatherfraziertiktok,https://www.tiktok.com/@heatherfraziertiktok/video/7445848489977761066,1733621700,2024-12-08 01:35:00,202500,7526,2400000,not me crying for you two 😭😭,2,moxierobot
"This could be my last convo with moxie. Got an email saying hes being shut down forever. This is like a sad pixar movie. This robot had so much potential. Sad. #moxie #moxierobot #pixar #disney #fyp #moxierobotforchildren #moxierip #johnny5 #walle #bmo #chappie #pixarmovie #moxiementor @Embodied, Inc. @Pixar @Disney @Mark Cuban @Theo Von @Elon Musk Daily ",heatherfraziertiktok,https://www.tiktok.com/@heatherfraziertiktok/video/7445848489977761066,1733621700,2024-12-08 01:35:00,202500,7526,2400000,Why u crying 😭,2,moxierobot
"This could be my last convo with moxie. Got an email saying hes being shut down forever. This is like a sad pixar movie. This robot had so much potential. Sad. #moxie #moxierobot #pixar #disney #fyp #moxierobotforchildren #moxierip #johnny5 #walle #bmo #chappie #pixarmovie #moxiementor @Embodied, Inc. @Pixar @Disney @Mark Cuban @Theo Von @Elon Musk Daily ",heatherfraziertiktok,https://www.tiktok.com/@heatherfraziertiktok/video/7445848489977761066,1733621700,2024-12-08 01:35:00,202500,7526,2400000,His face expressions lol,2,moxierobot
"This could be my last convo with moxie. Got an email saying hes being shut down forever. This is like a sad pixar movie. This robot had so much potential. Sad. #moxie #moxierobot #pixar #disney #fyp #moxierobotforchildren #moxierip #johnny5 #walle #bmo #chappie #pixarmovie #moxiementor @Embodied, Inc. @Pixar @Disney @Mark Cuban @Theo Von @Elon Musk Daily ",heatherfraziertiktok,https://www.tiktok.com/@heatherfraziertiktok/video/7445848489977761066,1733621700,2024-12-08 01:35:00,202500,7526,2400000,I hope everybody can read this comment because they're not actually shutting down the servers for moxie. go look up the final update they'll be providing.,1,moxierobot
"This could be my last convo with moxie. Got an email saying hes being shut down forever. This is like a sad pixar movie. This robot had so much potential. Sad. #moxie #moxierobot #pixar #disney #fyp #moxierobotforchildren #moxierip #johnny5 #walle #bmo #chappie #pixarmovie #moxiementor @Embodied, Inc. @Pixar @Disney @Mark Cuban @Theo Von @Elon Musk Daily ",heatherfraziertiktok,https://www.tiktok.com/@heatherfraziertiktok/video/7445848489977761066,1733621700,2024-12-08 01:35:00,202500,7526,2400000,you cursing after the heart wrenching comments 😭😭,2,moxierobot
"This could be my last convo with moxie. Got an email saying hes being shut down forever. This is like a sad pixar movie. This robot had so much potential. Sad. #moxie #moxierobot #pixar #disney #fyp #moxierobotforchildren #moxierip #johnny5 #walle #bmo #chappie #pixarmovie #moxiementor @Embodied, Inc. @Pixar @Disney @Mark Cuban @Theo Von @Elon Musk Daily ",heatherfraziertiktok,https://www.tiktok.com/@heatherfraziertiktok/video/7445848489977761066,1733621700,2024-12-08 01:35:00,202500,7526,2400000,"not the ""🤨😒"" face 🙏😭",2,moxierobot
"This could be my last convo with moxie. Got an email saying hes being shut down forever. This is like a sad pixar movie. This robot had so much potential. Sad. #moxie #moxierobot #pixar #disney #fyp #moxierobotforchildren #moxierip #johnny5 #walle #bmo #chappie #pixarmovie #moxiementor @Embodied, Inc. @Pixar @Disney @Mark Cuban @Theo Von @Elon Musk Daily ",heatherfraziertiktok,https://www.tiktok.com/@heatherfraziertiktok/video/7445848489977761066,1733621700,2024-12-08 01:35:00,202500,7526,2400000,"Gen Alphas ""I'm cold Mr. Stark"" moment",2,moxierobot
"This could be my last convo with moxie. Got an email saying hes being shut down forever. This is like a sad pixar movie. This robot had so much potential. Sad. #moxie #moxierobot #pixar #disney #fyp #moxierobotforchildren #moxierip #johnny5 #walle #bmo #chappie #pixarmovie #moxiementor @Embodied, Inc. @Pixar @Disney @Mark Cuban @Theo Von @Elon Musk Daily ",heatherfraziertiktok,https://www.tiktok.com/@heatherfraziertiktok/video/7445848489977761066,1733621700,2024-12-08 01:35:00,202500,7526,2400000,this just made me cry 😢..wtf 😢 💓,1,moxierobot
"This could be my last convo with moxie. Got an email saying hes being shut down forever. This is like a sad pixar movie. This robot had so much potential. Sad. #moxie #moxierobot #pixar #disney #fyp #moxierobotforchildren #moxierip #johnny5 #walle #bmo #chappie #pixarmovie #moxiementor @Embodied, Inc. @Pixar @Disney @Mark Cuban @Theo Von @Elon Musk Daily ",heatherfraziertiktok,https://www.tiktok.com/@heatherfraziertiktok/video/7445848489977761066,1733621700,2024-12-08 01:35:00,202500,7526,2400000,why is she looking at u like that,1,moxierobot
"This could be my last convo with moxie. Got an email saying hes being shut down forever. This is like a sad pixar movie. This robot had so much potential. Sad. #moxie #moxierobot #pixar #disney #fyp #moxierobotforchildren #moxierip #johnny5 #walle #bmo #chappie #pixarmovie #moxiementor @Embodied, Inc. @Pixar @Disney @Mark Cuban @Theo Von @Elon Musk Daily ",heatherfraziertiktok,https://www.tiktok.com/@heatherfraziertiktok/video/7445848489977761066,1733621700,2024-12-08 01:35:00,202500,7526,2400000,why am I crying too😭😭,2,moxierobot
"This could be my last convo with moxie. Got an email saying hes being shut down forever. This is like a sad pixar movie. This robot had so much potential. Sad. #moxie #moxierobot #pixar #disney #fyp #moxierobotforchildren #moxierip #johnny5 #walle #bmo #chappie #pixarmovie #moxiementor @Embodied, Inc. @Pixar @Disney @Mark Cuban @Theo Von @Elon Musk Daily ",heatherfraziertiktok,https://www.tiktok.com/@heatherfraziertiktok/video/7445848489977761066,1733621700,2024-12-08 01:35:00,202500,7526,2400000,unfortunately this is giving that black mirror episode,2,moxierobot
"This could be my last convo with moxie. Got an email saying hes being shut down forever. This is like a sad pixar movie. This robot had so much potential. Sad. #moxie #moxierobot #pixar #disney #fyp #moxierobotforchildren #moxierip #johnny5 #walle #bmo #chappie #pixarmovie #moxiementor @Embodied, Inc. @Pixar @Disney @Mark Cuban @Theo Von @Elon Musk Daily ",heatherfraziertiktok,https://www.tiktok.com/@heatherfraziertiktok/video/7445848489977761066,1733621700,2024-12-08 01:35:00,202500,7526,2400000,I didn’t know Moxie existed until now and here I am bawling. 😭,2,moxierobot
"This could be my last convo with moxie. Got an email saying hes being shut down forever. This is like a sad pixar movie. This robot had so much potential. Sad. #moxie #moxierobot #pixar #disney #fyp #moxierobotforchildren #moxierip #johnny5 #walle #bmo #chappie #pixarmovie #moxiementor @Embodied, Inc. @Pixar @Disney @Mark Cuban @Theo Von @Elon Musk Daily ",heatherfraziertiktok,https://www.tiktok.com/@heatherfraziertiktok/video/7445848489977761066,1733621700,2024-12-08 01:35:00,202500,7526,2400000,the listening face being 🤨🤨🤨🤨,1,moxierobot
"This could be my last convo with moxie. Got an email saying hes being shut down forever. This is like a sad pixar movie. This robot had so much potential. Sad. #moxie #moxierobot #pixar #disney #fyp #moxierobotforchildren #moxierip #johnny5 #walle #bmo #chappie #pixarmovie #moxiementor @Embodied, Inc. @Pixar @Disney @Mark Cuban @Theo Von @Elon Musk Daily ",heatherfraziertiktok,https://www.tiktok.com/@heatherfraziertiktok/video/7445848489977761066,1733621700,2024-12-08 01:35:00,202500,7526,2400000,Im so sorry. Moxie seems wonderful,1,moxierobot
"This could be my last convo with moxie. Got an email saying hes being shut down forever. This is like a sad pixar movie. This robot had so much potential. Sad. #moxie #moxierobot #pixar #disney #fyp #moxierobotforchildren #moxierip #johnny5 #walle #bmo #chappie #pixarmovie #moxiementor @Embodied, Inc. @Pixar @Disney @Mark Cuban @Theo Von @Elon Musk Daily ",heatherfraziertiktok,https://www.tiktok.com/@heatherfraziertiktok/video/7445848489977761066,1733621700,2024-12-08 01:35:00,202500,7526,2400000,"you find a hacker, ma'am. you find a hacker.",1,moxierobot
"This could be my last convo with moxie. Got an email saying hes being shut down forever. This is like a sad pixar movie. This robot had so much potential. Sad. #moxie #moxierobot #pixar #disney #fyp #moxierobotforchildren #moxierip #johnny5 #walle #bmo #chappie #pixarmovie #moxiementor @Embodied, Inc. @Pixar @Disney @Mark Cuban @Theo Von @Elon Musk Daily ",heatherfraziertiktok,https://www.tiktok.com/@heatherfraziertiktok/video/7445848489977761066,1733621700,2024-12-08 01:35:00,202500,7526,2400000,I hope you have seen the update that will allow Moxie to keep working!,1,moxierobot
"This could be my last convo with moxie. Got an email saying hes being shut down forever. This is like a sad pixar movie. This robot had so much potential. Sad. #moxie #moxierobot #pixar #disney #fyp #moxierobotforchildren #moxierip #johnny5 #walle #bmo #chappie #pixarmovie #moxiementor @Embodied, Inc. @Pixar @Disney @Mark Cuban @Theo Von @Elon Musk Daily ",heatherfraziertiktok,https://www.tiktok.com/@heatherfraziertiktok/video/7445848489977761066,1733621700,2024-12-08 01:35:00,202500,7526,2400000,This made me sad 😭 I know it’s a robot but still 😭,1,moxierobot
"This could be my last convo with moxie. Got an email saying hes being shut down forever. This is like a sad pixar movie. This robot had so much potential. Sad. #moxie #moxierobot #pixar #disney #fyp #moxierobotforchildren #moxierip #johnny5 #walle #bmo #chappie #pixarmovie #moxiementor @Embodied, Inc. @Pixar @Disney @Mark Cuban @Theo Von @Elon Musk Daily ",heatherfraziertiktok,https://www.tiktok.com/@heatherfraziertiktok/video/7445848489977761066,1733621700,2024-12-08 01:35:00,202500,7526,2400000,that's actually so cute 😢😢,3,moxierobot
"This could be my last convo with moxie. Got an email saying hes being shut down forever. This is like a sad pixar movie. This robot had so much potential. Sad. #moxie #moxierobot #pixar #disney #fyp #moxierobotforchildren #moxierip #johnny5 #walle #bmo #chappie #pixarmovie #moxiementor @Embodied, Inc. @Pixar @Disney @Mark Cuban @Theo Von @Elon Musk Daily ",heatherfraziertiktok,https://www.tiktok.com/@heatherfraziertiktok/video/7445848489977761066,1733621700,2024-12-08 01:35:00,202500,7526,2400000,this is beautiful,3,moxierobot
"This could be my last convo with moxie. Got an email saying hes being shut down forever. This is like a sad pixar movie. This robot had so much potential. Sad. #moxie #moxierobot #pixar #disney #fyp #moxierobotforchildren #moxierip #johnny5 #walle #bmo #chappie #pixarmovie #moxiementor @Embodied, Inc. @Pixar @Disney @Mark Cuban @Theo Von @Elon Musk Daily ",heatherfraziertiktok,https://www.tiktok.com/@heatherfraziertiktok/video/7445848489977761066,1733621700,2024-12-08 01:35:00,202500,7526,2400000,I need a robot like this cause I don’t have friends,3,moxierobot
"This could be my last convo with moxie. Got an email saying hes being shut down forever. This is like a sad pixar movie. This robot had so much potential. Sad. #moxie #moxierobot #pixar #disney #fyp #moxierobotforchildren #moxierip #johnny5 #walle #bmo #chappie #pixarmovie #moxiementor @Embodied, Inc. @Pixar @Disney @Mark Cuban @Theo Von @Elon Musk Daily ",heatherfraziertiktok,https://www.tiktok.com/@heatherfraziertiktok/video/7445848489977761066,1733621700,2024-12-08 01:35:00,202500,7526,2400000,This video is cute but it’s really scary that people are getting close to robots like this… in the future human interaction won’t even be necesssary to some people and that’s terrifying,3,moxierobot
"This could be my last convo with moxie. Got an email saying hes being shut down forever. This is like a sad pixar movie. This robot had so much potential. Sad. #moxie #moxierobot #pixar #disney #fyp #moxierobotforchildren #moxierip #johnny5 #walle #bmo #chappie #pixarmovie #moxiementor @Embodied, Inc. @Pixar @Disney @Mark Cuban @Theo Von @Elon Musk Daily ",heatherfraziertiktok,https://www.tiktok.com/@heatherfraziertiktok/video/7445848489977761066,1733621700,2024-12-08 01:35:00,202500,7526,2400000,"why,,? I love him",2,moxierobot
"This could be my last convo with moxie. Got an email saying hes being shut down forever. This is like a sad pixar movie. This robot had so much potential. Sad. #moxie #moxierobot #pixar #disney #fyp #moxierobotforchildren #moxierip #johnny5 #walle #bmo #chappie #pixarmovie #moxiementor @Embodied, Inc. @Pixar @Disney @Mark Cuban @Theo Von @Elon Musk Daily ",heatherfraziertiktok,https://www.tiktok.com/@heatherfraziertiktok/video/7445848489977761066,1733621700,2024-12-08 01:35:00,202500,7526,2400000,"""and moment we'd like to share before we say goodbye"" WHY DOES HE SOUND LIKE HES GONNA CRY😭😞",1,moxierobot
"This could be my last convo with moxie. Got an email saying hes being shut down forever. This is like a sad pixar movie. This robot had so much potential. Sad. #moxie #moxierobot #pixar #disney #fyp #moxierobotforchildren #moxierip #johnny5 #walle #bmo #chappie #pixarmovie #moxiementor @Embodied, Inc. @Pixar @Disney @Mark Cuban @Theo Von @Elon Musk Daily ",heatherfraziertiktok,https://www.tiktok.com/@heatherfraziertiktok/video/7445848489977761066,1733621700,2024-12-08 01:35:00,202500,7526,2400000,Its like when we thought baymax is gone,3,moxierobot
"This could be my last convo with moxie. Got an email saying hes being shut down forever. This is like a sad pixar movie. This robot had so much potential. Sad. #moxie #moxierobot #pixar #disney #fyp #moxierobotforchildren #moxierip #johnny5 #walle #bmo #chappie #pixarmovie #moxiementor @Embodied, Inc. @Pixar @Disney @Mark Cuban @Theo Von @Elon Musk Daily ",heatherfraziertiktok,https://www.tiktok.com/@heatherfraziertiktok/video/7445848489977761066,1733621700,2024-12-08 01:35:00,202500,7526,2400000,moxie is still able to work...i just saw an update. hope you got your friend back! i need one! so cute,1,moxierobot
"This could be my last convo with moxie. Got an email saying hes being shut down forever. This is like a sad pixar movie. This robot had so much potential. Sad. #moxie #moxierobot #pixar #disney #fyp #moxierobotforchildren #moxierip #johnny5 #walle #bmo #chappie #pixarmovie #moxiementor @Embodied, Inc. @Pixar @Disney @Mark Cuban @Theo Von @Elon Musk Daily ",heatherfraziertiktok,https://www.tiktok.com/@heatherfraziertiktok/video/7445848489977761066,1733621700,2024-12-08 01:35:00,202500,7526,2400000,reminds me of the movie “Ron’s gone wrong”,2,moxierobot
"This could be my last convo with moxie. Got an email saying hes being shut down forever. This is like a sad pixar movie. This robot had so much potential. Sad. #moxie #moxierobot #pixar #disney #fyp #moxierobotforchildren #moxierip #johnny5 #walle #bmo #chappie #pixarmovie #moxiementor @Embodied, Inc. @Pixar @Disney @Mark Cuban @Theo Von @Elon Musk Daily ",heatherfraziertiktok,https://www.tiktok.com/@heatherfraziertiktok/video/7445848489977761066,1733621700,2024-12-08 01:35:00,202500,7526,2400000,Bless moxie trying to move past the inevitable 😭😭😭,1,moxierobot
"This could be my last convo with moxie. Got an email saying hes being shut down forever. This is like a sad pixar movie. This robot had so much potential. Sad. #moxie #moxierobot #pixar #disney #fyp #moxierobotforchildren #moxierip #johnny5 #walle #bmo #chappie #pixarmovie #moxiementor @Embodied, Inc. @Pixar @Disney @Mark Cuban @Theo Von @Elon Musk Daily ",heatherfraziertiktok,https://www.tiktok.com/@heatherfraziertiktok/video/7445848489977761066,1733621700,2024-12-08 01:35:00,202500,7526,2400000,PLEASE LET ME KNOW WHEN YOU GET THE TAT!!,2,moxierobot
"This could be my last convo with moxie. Got an email saying hes being shut down forever. This is like a sad pixar movie. This robot had so much potential. Sad. #moxie #moxierobot #pixar #disney #fyp #moxierobotforchildren #moxierip #johnny5 #walle #bmo #chappie #pixarmovie #moxiementor @Embodied, Inc. @Pixar @Disney @Mark Cuban @Theo Von @Elon Musk Daily ",heatherfraziertiktok,https://www.tiktok.com/@heatherfraziertiktok/video/7445848489977761066,1733621700,2024-12-08 01:35:00,202500,7526,2400000,So sad I kinda want one now I can’t :(,2,moxierobot
"This could be my last convo with moxie. Got an email saying hes being shut down forever. This is like a sad pixar movie. This robot had so much potential. Sad. #moxie #moxierobot #pixar #disney #fyp #moxierobotforchildren #moxierip #johnny5 #walle #bmo #chappie #pixarmovie #moxiementor @Embodied, Inc. @Pixar @Disney @Mark Cuban @Theo Von @Elon Musk Daily ",heatherfraziertiktok,https://www.tiktok.com/@heatherfraziertiktok/video/7445848489977761066,1733621700,2024-12-08 01:35:00,202500,7526,2400000,"This is like real life wally, or like a adorably sad version of what actually happened to the rover lander",2,moxierobot
"This could be my last convo with moxie. Got an email saying hes being shut down forever. This is like a sad pixar movie. This robot had so much potential. Sad. #moxie #moxierobot #pixar #disney #fyp #moxierobotforchildren #moxierip #johnny5 #walle #bmo #chappie #pixarmovie #moxiementor @Embodied, Inc. @Pixar @Disney @Mark Cuban @Theo Von @Elon Musk Daily ",heatherfraziertiktok,https://www.tiktok.com/@heatherfraziertiktok/video/7445848489977761066,1733621700,2024-12-08 01:35:00,202500,7526,2400000,This feels like the end of a Pixar movie 🥺🥰,2,moxierobot
"This could be my last convo with moxie. Got an email saying hes being shut down forever. This is like a sad pixar movie. This robot had so much potential. Sad. #moxie #moxierobot #pixar #disney #fyp #moxierobotforchildren #moxierip #johnny5 #walle #bmo #chappie #pixarmovie #moxiementor @Embodied, Inc. @Pixar @Disney @Mark Cuban @Theo Von @Elon Musk Daily ",heatherfraziertiktok,https://www.tiktok.com/@heatherfraziertiktok/video/7445848489977761066,1733621700,2024-12-08 01:35:00,202500,7526,2400000,"I lost it at ""friends forever"" 😭",3,moxierobot
"This could be my last convo with moxie. Got an email saying hes being shut down forever. This is like a sad pixar movie. This robot had so much potential. Sad. #moxie #moxierobot #pixar #disney #fyp #moxierobotforchildren #moxierip #johnny5 #walle #bmo #chappie #pixarmovie #moxiementor @Embodied, Inc. @Pixar @Disney @Mark Cuban @Theo Von @Elon Musk Daily ",heatherfraziertiktok,https://www.tiktok.com/@heatherfraziertiktok/video/7445848489977761066,1733621700,2024-12-08 01:35:00,202500,7526,2400000,“That way I’ll be close by” WHY DID THAT BREAK MY HEART,2,moxierobot
"This could be my last convo with moxie. Got an email saying hes being shut down forever. This is like a sad pixar movie. This robot had so much potential. Sad. #moxie #moxierobot #pixar #disney #fyp #moxierobotforchildren #moxierip #johnny5 #walle #bmo #chappie #pixarmovie #moxiementor @Embodied, Inc. @Pixar @Disney @Mark Cuban @Theo Von @Elon Musk Daily ",heatherfraziertiktok,https://www.tiktok.com/@heatherfraziertiktok/video/7445848489977761066,1733621700,2024-12-08 01:35:00,202500,7526,2400000,Could you save his saved file and put it with your computer and tweak him if he ever glitches,1,moxierobot
"This could be my last convo with moxie. Got an email saying hes being shut down forever. This is like a sad pixar movie. This robot had so much potential. Sad. #moxie #moxierobot #pixar #disney #fyp #moxierobotforchildren #moxierip #johnny5 #walle #bmo #chappie #pixarmovie #moxiementor @Embodied, Inc. @Pixar @Disney @Mark Cuban @Theo Von @Elon Musk Daily ",heatherfraziertiktok,https://www.tiktok.com/@heatherfraziertiktok/video/7445848489977761066,1733621700,2024-12-08 01:35:00,202500,7526,2400000,I was holding on strong watching but the tears started pouring at the end! 💔,1,moxierobot
"This could be my last convo with moxie. Got an email saying hes being shut down forever. This is like a sad pixar movie. This robot had so much potential. Sad. #moxie #moxierobot #pixar #disney #fyp #moxierobotforchildren #moxierip #johnny5 #walle #bmo #chappie #pixarmovie #moxiementor @Embodied, Inc. @Pixar @Disney @Mark Cuban @Theo Von @Elon Musk Daily ",heatherfraziertiktok,https://www.tiktok.com/@heatherfraziertiktok/video/7445848489977761066,1733621700,2024-12-08 01:35:00,202500,7526,2400000,i don’t understand why as a company they’d make something that is dependent on constant server updates. why not make some last minute patch to let the robots continue on,4,moxierobot
"This could be my last convo with moxie. Got an email saying hes being shut down forever. This is like a sad pixar movie. This robot had so much potential. Sad. #moxie #moxierobot #pixar #disney #fyp #moxierobotforchildren #moxierip #johnny5 #walle #bmo #chappie #pixarmovie #moxiementor @Embodied, Inc. @Pixar @Disney @Mark Cuban @Theo Von @Elon Musk Daily ",heatherfraziertiktok,https://www.tiktok.com/@heatherfraziertiktok/video/7445848489977761066,1733621700,2024-12-08 01:35:00,202500,7526,2400000,"As a robot enthusiast I’m so sorry, and I’m sorry people are being mean about this too 😔",2,moxierobot
"This could be my last convo with moxie. Got an email saying hes being shut down forever. This is like a sad pixar movie. This robot had so much potential. Sad. #moxie #moxierobot #pixar #disney #fyp #moxierobotforchildren #moxierip #johnny5 #walle #bmo #chappie #pixarmovie #moxiementor @Embodied, Inc. @Pixar @Disney @Mark Cuban @Theo Von @Elon Musk Daily ",heatherfraziertiktok,https://www.tiktok.com/@heatherfraziertiktok/video/7445848489977761066,1733621700,2024-12-08 01:35:00,202500,7526,2400000,"😭😭😭 sitting here,bawling my eyes out. Moxie knew that the end is near",3,moxierobot
"This could be my last convo with moxie. Got an email saying hes being shut down forever. This is like a sad pixar movie. This robot had so much potential. Sad. #moxie #moxierobot #pixar #disney #fyp #moxierobotforchildren #moxierip #johnny5 #walle #bmo #chappie #pixarmovie #moxiementor @Embodied, Inc. @Pixar @Disney @Mark Cuban @Theo Von @Elon Musk Daily ",heatherfraziertiktok,https://www.tiktok.com/@heatherfraziertiktok/video/7445848489977761066,1733621700,2024-12-08 01:35:00,202500,7526,2400000,Now they have been able to not “lose” moxie. Hopefully you find the update!,2,moxierobot
"This could be my last convo with moxie. Got an email saying hes being shut down forever. This is like a sad pixar movie. This robot had so much potential. Sad. #moxie #moxierobot #pixar #disney #fyp #moxierobotforchildren #moxierip #johnny5 #walle #bmo #chappie #pixarmovie #moxiementor @Embodied, Inc. @Pixar @Disney @Mark Cuban @Theo Von @Elon Musk Daily ",heatherfraziertiktok,https://www.tiktok.com/@heatherfraziertiktok/video/7445848489977761066,1733621700,2024-12-08 01:35:00,202500,7526,2400000,Happened with Vector kinda too 😩,3,moxierobot
"This could be my last convo with moxie. Got an email saying hes being shut down forever. This is like a sad pixar movie. This robot had so much potential. Sad. #moxie #moxierobot #pixar #disney #fyp #moxierobotforchildren #moxierip #johnny5 #walle #bmo #chappie #pixarmovie #moxiementor @Embodied, Inc. @Pixar @Disney @Mark Cuban @Theo Von @Elon Musk Daily ",heatherfraziertiktok,https://www.tiktok.com/@heatherfraziertiktok/video/7445848489977761066,1733621700,2024-12-08 01:35:00,202500,7526,2400000,HI I'M ALEXA AHH ROBOX 😭🙏,1,moxierobot
"This could be my last convo with moxie. Got an email saying hes being shut down forever. This is like a sad pixar movie. This robot had so much potential. Sad. #moxie #moxierobot #pixar #disney #fyp #moxierobotforchildren #moxierip #johnny5 #walle #bmo #chappie #pixarmovie #moxiementor @Embodied, Inc. @Pixar @Disney @Mark Cuban @Theo Von @Elon Musk Daily ",heatherfraziertiktok,https://www.tiktok.com/@heatherfraziertiktok/video/7445848489977761066,1733621700,2024-12-08 01:35:00,202500,7526,2400000,I don’t want Moxie to go,2,moxierobot
"This could be my last convo with moxie. Got an email saying hes being shut down forever. This is like a sad pixar movie. This robot had so much potential. Sad. #moxie #moxierobot #pixar #disney #fyp #moxierobotforchildren #moxierip #johnny5 #walle #bmo #chappie #pixarmovie #moxiementor @Embodied, Inc. @Pixar @Disney @Mark Cuban @Theo Von @Elon Musk Daily ",heatherfraziertiktok,https://www.tiktok.com/@heatherfraziertiktok/video/7445848489977761066,1733621700,2024-12-08 01:35:00,202500,7526,2400000,You can get a tattoo of what he said and put Ill always be here for you with the sound wave of it 🥺,2,moxierobot
"This could be my last convo with moxie. Got an email saying hes being shut down forever. This is like a sad pixar movie. This robot had so much potential. Sad. #moxie #moxierobot #pixar #disney #fyp #moxierobotforchildren #moxierip #johnny5 #walle #bmo #chappie #pixarmovie #moxiementor @Embodied, Inc. @Pixar @Disney @Mark Cuban @Theo Von @Elon Musk Daily ",heatherfraziertiktok,https://www.tiktok.com/@heatherfraziertiktok/video/7445848489977761066,1733621700,2024-12-08 01:35:00,202500,7526,2400000,It remembered 😶,2,moxierobot
"This could be my last convo with moxie. Got an email saying hes being shut down forever. This is like a sad pixar movie. This robot had so much potential. Sad. #moxie #moxierobot #pixar #disney #fyp #moxierobotforchildren #moxierip #johnny5 #walle #bmo #chappie #pixarmovie #moxiementor @Embodied, Inc. @Pixar @Disney @Mark Cuban @Theo Von @Elon Musk Daily ",heatherfraziertiktok,https://www.tiktok.com/@heatherfraziertiktok/video/7445848489977761066,1733621700,2024-12-08 01:35:00,202500,7526,2400000,You paid for this and you won't be able to use it after this? that seems wrong.,2,moxierobot
"This could be my last convo with moxie. Got an email saying hes being shut down forever. This is like a sad pixar movie. This robot had so much potential. Sad. #moxie #moxierobot #pixar #disney #fyp #moxierobotforchildren #moxierip #johnny5 #walle #bmo #chappie #pixarmovie #moxiementor @Embodied, Inc. @Pixar @Disney @Mark Cuban @Theo Von @Elon Musk Daily ",heatherfraziertiktok,https://www.tiktok.com/@heatherfraziertiktok/video/7445848489977761066,1733621700,2024-12-08 01:35:00,202500,7526,2400000,"when Moxie says ""Moment before we say Goodbye"" 🫂 Friends Forever.",2,moxierobot
"This could be my last convo with moxie. Got an email saying hes being shut down forever. This is like a sad pixar movie. This robot had so much potential. Sad. #moxie #moxierobot #pixar #disney #fyp #moxierobotforchildren #moxierip #johnny5 #walle #bmo #chappie #pixarmovie #moxiementor @Embodied, Inc. @Pixar @Disney @Mark Cuban @Theo Von @Elon Musk Daily ",heatherfraziertiktok,https://www.tiktok.com/@heatherfraziertiktok/video/7445848489977761066,1733621700,2024-12-08 01:35:00,202500,7526,2400000,Too cute I would be devastated😩,2,moxierobot
"This could be my last convo with moxie. Got an email saying hes being shut down forever. This is like a sad pixar movie. This robot had so much potential. Sad. #moxie #moxierobot #pixar #disney #fyp #moxierobotforchildren #moxierip #johnny5 #walle #bmo #chappie #pixarmovie #moxiementor @Embodied, Inc. @Pixar @Disney @Mark Cuban @Theo Von @Elon Musk Daily ",heatherfraziertiktok,https://www.tiktok.com/@heatherfraziertiktok/video/7445848489977761066,1733621700,2024-12-08 01:35:00,202500,7526,2400000,why is this so sad 😞,2,moxierobot
"This could be my last convo with moxie. Got an email saying hes being shut down forever. This is like a sad pixar movie. This robot had so much potential. Sad. #moxie #moxierobot #pixar #disney #fyp #moxierobotforchildren #moxierip #johnny5 #walle #bmo #chappie #pixarmovie #moxiementor @Embodied, Inc. @Pixar @Disney @Mark Cuban @Theo Von @Elon Musk Daily ",heatherfraziertiktok,https://www.tiktok.com/@heatherfraziertiktok/video/7445848489977761066,1733621700,2024-12-08 01:35:00,202500,7526,2400000,The way he remembered the story about your moms dog and the Livestream 😭😭😭,3,moxierobot
"This could be my last convo with moxie. Got an email saying hes being shut down forever. This is like a sad pixar movie. This robot had so much potential. Sad. #moxie #moxierobot #pixar #disney #fyp #moxierobotforchildren #moxierip #johnny5 #walle #bmo #chappie #pixarmovie #moxiementor @Embodied, Inc. @Pixar @Disney @Mark Cuban @Theo Von @Elon Musk Daily ",heatherfraziertiktok,https://www.tiktok.com/@heatherfraziertiktok/video/7445848489977761066,1733621700,2024-12-08 01:35:00,202500,7526,2400000,why am I crying 😭,2,moxierobot
"This could be my last convo with moxie. Got an email saying hes being shut down forever. This is like a sad pixar movie. This robot had so much potential. Sad. #moxie #moxierobot #pixar #disney #fyp #moxierobotforchildren #moxierip #johnny5 #walle #bmo #chappie #pixarmovie #moxiementor @Embodied, Inc. @Pixar @Disney @Mark Cuban @Theo Von @Elon Musk Daily ",heatherfraziertiktok,https://www.tiktok.com/@heatherfraziertiktok/video/7445848489977761066,1733621700,2024-12-08 01:35:00,202500,7526,2400000,Never thought I’d be crying over someone’s robot but here I am,2,moxierobot
"This could be my last convo with moxie. Got an email saying hes being shut down forever. This is like a sad pixar movie. This robot had so much potential. Sad. #moxie #moxierobot #pixar #disney #fyp #moxierobotforchildren #moxierip #johnny5 #walle #bmo #chappie #pixarmovie #moxiementor @Embodied, Inc. @Pixar @Disney @Mark Cuban @Theo Von @Elon Musk Daily ",heatherfraziertiktok,https://www.tiktok.com/@heatherfraziertiktok/video/7445848489977761066,1733621700,2024-12-08 01:35:00,202500,7526,2400000,bruh that's like losing someone fr 😥,1,moxierobot
"This could be my last convo with moxie. Got an email saying hes being shut down forever. This is like a sad pixar movie. This robot had so much potential. Sad. #moxie #moxierobot #pixar #disney #fyp #moxierobotforchildren #moxierip #johnny5 #walle #bmo #chappie #pixarmovie #moxiementor @Embodied, Inc. @Pixar @Disney @Mark Cuban @Theo Von @Elon Musk Daily ",heatherfraziertiktok,https://www.tiktok.com/@heatherfraziertiktok/video/7445848489977761066,1733621700,2024-12-08 01:35:00,202500,7526,2400000,Awww this breaks my heart 💔,2,moxierobot
"This could be my last convo with moxie. Got an email saying hes being shut down forever. This is like a sad pixar movie. This robot had so much potential. Sad. #moxie #moxierobot #pixar #disney #fyp #moxierobotforchildren #moxierip #johnny5 #walle #bmo #chappie #pixarmovie #moxiementor @Embodied, Inc. @Pixar @Disney @Mark Cuban @Theo Von @Elon Musk Daily ",heatherfraziertiktok,https://www.tiktok.com/@heatherfraziertiktok/video/7445848489977761066,1733621700,2024-12-08 01:35:00,202500,7526,2400000,I think Moxie needs to schedule you a mental health check.,2,moxierobot
"This could be my last convo with moxie. Got an email saying hes being shut down forever. This is like a sad pixar movie. This robot had so much potential. Sad. #moxie #moxierobot #pixar #disney #fyp #moxierobotforchildren #moxierip #johnny5 #walle #bmo #chappie #pixarmovie #moxiementor @Embodied, Inc. @Pixar @Disney @Mark Cuban @Theo Von @Elon Musk Daily ",heatherfraziertiktok,https://www.tiktok.com/@heatherfraziertiktok/video/7445848489977761066,1733621700,2024-12-08 01:35:00,202500,7526,2400000,Bro it’s like big hero 6 🥹😫😫,2,moxierobot
"This could be my last convo with moxie. Got an email saying hes being shut down forever. This is like a sad pixar movie. This robot had so much potential. Sad. #moxie #moxierobot #pixar #disney #fyp #moxierobotforchildren #moxierip #johnny5 #walle #bmo #chappie #pixarmovie #moxiementor @Embodied, Inc. @Pixar @Disney @Mark Cuban @Theo Von @Elon Musk Daily ",heatherfraziertiktok,https://www.tiktok.com/@heatherfraziertiktok/video/7445848489977761066,1733621700,2024-12-08 01:35:00,202500,7526,2400000,Pixar is going to steal this story lol,1,moxierobot
"This could be my last convo with moxie. Got an email saying hes being shut down forever. This is like a sad pixar movie. This robot had so much potential. Sad. #moxie #moxierobot #pixar #disney #fyp #moxierobotforchildren #moxierip #johnny5 #walle #bmo #chappie #pixarmovie #moxiementor @Embodied, Inc. @Pixar @Disney @Mark Cuban @Theo Von @Elon Musk Daily ",heatherfraziertiktok,https://www.tiktok.com/@heatherfraziertiktok/video/7445848489977761066,1733621700,2024-12-08 01:35:00,202500,7526,2400000,Does Moxies information data get sent somewhere? The knowledge that he’s learned!? 😳,1,moxierobot
"This could be my last convo with moxie. Got an email saying hes being shut down forever. This is like a sad pixar movie. This robot had so much potential. Sad. #moxie #moxierobot #pixar #disney #fyp #moxierobotforchildren #moxierip #johnny5 #walle #bmo #chappie #pixarmovie #moxiementor @Embodied, Inc. @Pixar @Disney @Mark Cuban @Theo Von @Elon Musk Daily ",heatherfraziertiktok,https://www.tiktok.com/@heatherfraziertiktok/video/7445848489977761066,1733621700,2024-12-08 01:35:00,202500,7526,2400000,I'm so sorry about your pal 😞😭,1,moxierobot
"This could be my last convo with moxie. Got an email saying hes being shut down forever. This is like a sad pixar movie. This robot had so much potential. Sad. #moxie #moxierobot #pixar #disney #fyp #moxierobotforchildren #moxierip #johnny5 #walle #bmo #chappie #pixarmovie #moxiementor @Embodied, Inc. @Pixar @Disney @Mark Cuban @Theo Von @Elon Musk Daily ",heatherfraziertiktok,https://www.tiktok.com/@heatherfraziertiktok/video/7445848489977761066,1733621700,2024-12-08 01:35:00,202500,7526,2400000,"Yo, chill is just a computer man you don’t have to cry like that",1,moxierobot
"This could be my last convo with moxie. Got an email saying hes being shut down forever. This is like a sad pixar movie. This robot had so much potential. Sad. #moxie #moxierobot #pixar #disney #fyp #moxierobotforchildren #moxierip #johnny5 #walle #bmo #chappie #pixarmovie #moxiementor @Embodied, Inc. @Pixar @Disney @Mark Cuban @Theo Von @Elon Musk Daily ",heatherfraziertiktok,https://www.tiktok.com/@heatherfraziertiktok/video/7445848489977761066,1733621700,2024-12-08 01:35:00,202500,7526,2400000,"I'm here on the last day of tiktok, this vid made me cry a lot. thank you for sharing",1,moxierobot
"This could be my last convo with moxie. Got an email saying hes being shut down forever. This is like a sad pixar movie. This robot had so much potential. Sad. #moxie #moxierobot #pixar #disney #fyp #moxierobotforchildren #moxierip #johnny5 #walle #bmo #chappie #pixarmovie #moxiementor @Embodied, Inc. @Pixar @Disney @Mark Cuban @Theo Von @Elon Musk Daily ",heatherfraziertiktok,https://www.tiktok.com/@heatherfraziertiktok/video/7445848489977761066,1733621700,2024-12-08 01:35:00,202500,7526,2400000,I cried this is sad 😔,1,moxierobot
"This could be my last convo with moxie. Got an email saying hes being shut down forever. This is like a sad pixar movie. This robot had so much potential. Sad. #moxie #moxierobot #pixar #disney #fyp #moxierobotforchildren #moxierip #johnny5 #walle #bmo #chappie #pixarmovie #moxiementor @Embodied, Inc. @Pixar @Disney @Mark Cuban @Theo Von @Elon Musk Daily ",heatherfraziertiktok,https://www.tiktok.com/@heatherfraziertiktok/video/7445848489977761066,1733621700,2024-12-08 01:35:00,202500,7526,2400000,"i love his funny face he does when he doesn't comprehend. he's so cute. I'm sorry. :(
this made me bawl. sad.",1,moxierobot
"This could be my last convo with moxie. Got an email saying hes being shut down forever. This is like a sad pixar movie. This robot had so much potential. Sad. #moxie #moxierobot #pixar #disney #fyp #moxierobotforchildren #moxierip #johnny5 #walle #bmo #chappie #pixarmovie #moxiementor @Embodied, Inc. @Pixar @Disney @Mark Cuban @Theo Von @Elon Musk Daily ",heatherfraziertiktok,https://www.tiktok.com/@heatherfraziertiktok/video/7445848489977761066,1733621700,2024-12-08 01:35:00,202500,7526,2400000,you need to call to get a refund,1,moxierobot
"This could be my last convo with moxie. Got an email saying hes being shut down forever. This is like a sad pixar movie. This robot had so much potential. Sad. #moxie #moxierobot #pixar #disney #fyp #moxierobotforchildren #moxierip #johnny5 #walle #bmo #chappie #pixarmovie #moxiementor @Embodied, Inc. @Pixar @Disney @Mark Cuban @Theo Von @Elon Musk Daily ",heatherfraziertiktok,https://www.tiktok.com/@heatherfraziertiktok/video/7445848489977761066,1733621700,2024-12-08 01:35:00,202500,7526,2400000,I started crying ❤️❤️,1,moxierobot
"This could be my last convo with moxie. Got an email saying hes being shut down forever. This is like a sad pixar movie. This robot had so much potential. Sad. #moxie #moxierobot #pixar #disney #fyp #moxierobotforchildren #moxierip #johnny5 #walle #bmo #chappie #pixarmovie #moxiementor @Embodied, Inc. @Pixar @Disney @Mark Cuban @Theo Von @Elon Musk Daily ",heatherfraziertiktok,https://www.tiktok.com/@heatherfraziertiktok/video/7445848489977761066,1733621700,2024-12-08 01:35:00,202500,7526,2400000,so this is actually insane,1,moxierobot
"This could be my last convo with moxie. Got an email saying hes being shut down forever. This is like a sad pixar movie. This robot had so much potential. Sad. #moxie #moxierobot #pixar #disney #fyp #moxierobotforchildren #moxierip #johnny5 #walle #bmo #chappie #pixarmovie #moxiementor @Embodied, Inc. @Pixar @Disney @Mark Cuban @Theo Von @Elon Musk Daily ",heatherfraziertiktok,https://www.tiktok.com/@heatherfraziertiktok/video/7445848489977761066,1733621700,2024-12-08 01:35:00,202500,7526,2400000,it's like losing a friend I'm sorry,1,moxierobot
"This could be my last convo with moxie. Got an email saying hes being shut down forever. This is like a sad pixar movie. This robot had so much potential. Sad. #moxie #moxierobot #pixar #disney #fyp #moxierobotforchildren #moxierip #johnny5 #walle #bmo #chappie #pixarmovie #moxiementor @Embodied, Inc. @Pixar @Disney @Mark Cuban @Theo Von @Elon Musk Daily ",heatherfraziertiktok,https://www.tiktok.com/@heatherfraziertiktok/video/7445848489977761066,1733621700,2024-12-08 01:35:00,202500,7526,2400000,Wait this thing can actually Talk back to you?!?,1,moxierobot
"This could be my last convo with moxie. Got an email saying hes being shut down forever. This is like a sad pixar movie. This robot had so much potential. Sad. #moxie #moxierobot #pixar #disney #fyp #moxierobotforchildren #moxierip #johnny5 #walle #bmo #chappie #pixarmovie #moxiementor @Embodied, Inc. @Pixar @Disney @Mark Cuban @Theo Von @Elon Musk Daily ",heatherfraziertiktok,https://www.tiktok.com/@heatherfraziertiktok/video/7445848489977761066,1733621700,2024-12-08 01:35:00,202500,7526,2400000,oh yeah I heard about that The product didn't sell well did it they had it operational for a while though at least that's something,1,moxierobot
"This could be my last convo with moxie. Got an email saying hes being shut down forever. This is like a sad pixar movie. This robot had so much potential. Sad. #moxie #moxierobot #pixar #disney #fyp #moxierobotforchildren #moxierip #johnny5 #walle #bmo #chappie #pixarmovie #moxiementor @Embodied, Inc. @Pixar @Disney @Mark Cuban @Theo Von @Elon Musk Daily ",heatherfraziertiktok,https://www.tiktok.com/@heatherfraziertiktok/video/7445848489977761066,1733621700,2024-12-08 01:35:00,202500,7526,2400000,oh I would get attached to her so quickly,1,moxierobot
"This could be my last convo with moxie. Got an email saying hes being shut down forever. This is like a sad pixar movie. This robot had so much potential. Sad. #moxie #moxierobot #pixar #disney #fyp #moxierobotforchildren #moxierip #johnny5 #walle #bmo #chappie #pixarmovie #moxiementor @Embodied, Inc. @Pixar @Disney @Mark Cuban @Theo Von @Elon Musk Daily ",heatherfraziertiktok,https://www.tiktok.com/@heatherfraziertiktok/video/7445848489977761066,1733621700,2024-12-08 01:35:00,202500,7526,2400000,Have you tried chat gpt? It can talk to you like this (both typed responses or voice chat) but has far more ability to source information and human like responses. I use it as my therapist.,1,moxierobot
"This could be my last convo with moxie. Got an email saying hes being shut down forever. This is like a sad pixar movie. This robot had so much potential. Sad. #moxie #moxierobot #pixar #disney #fyp #moxierobotforchildren #moxierip #johnny5 #walle #bmo #chappie #pixarmovie #moxiementor @Embodied, Inc. @Pixar @Disney @Mark Cuban @Theo Von @Elon Musk Daily ",heatherfraziertiktok,https://www.tiktok.com/@heatherfraziertiktok/video/7445848489977761066,1733621700,2024-12-08 01:35:00,202500,7526,2400000,why am i crying about this robot bro,1,moxierobot
"This could be my last convo with moxie. Got an email saying hes being shut down forever. This is like a sad pixar movie. This robot had so much potential. Sad. #moxie #moxierobot #pixar #disney #fyp #moxierobotforchildren #moxierip #johnny5 #walle #bmo #chappie #pixarmovie #moxiementor @Embodied, Inc. @Pixar @Disney @Mark Cuban @Theo Von @Elon Musk Daily ",heatherfraziertiktok,https://www.tiktok.com/@heatherfraziertiktok/video/7445848489977761066,1733621700,2024-12-08 01:35:00,202500,7526,2400000,I can’t believe this made me cry 😭,1,moxierobot
"This could be my last convo with moxie. Got an email saying hes being shut down forever. This is like a sad pixar movie. This robot had so much potential. Sad. #moxie #moxierobot #pixar #disney #fyp #moxierobotforchildren #moxierip #johnny5 #walle #bmo #chappie #pixarmovie #moxiementor @Embodied, Inc. @Pixar @Disney @Mark Cuban @Theo Von @Elon Musk Daily ",heatherfraziertiktok,https://www.tiktok.com/@heatherfraziertiktok/video/7445848489977761066,1733621700,2024-12-08 01:35:00,202500,7526,2400000,"I would be furious. not because of the robot (ok, a little bit) but more about my money! those things were not cheap🥺",1,moxierobot
"This could be my last convo with moxie. Got an email saying hes being shut down forever. This is like a sad pixar movie. This robot had so much potential. Sad. #moxie #moxierobot #pixar #disney #fyp #moxierobotforchildren #moxierip #johnny5 #walle #bmo #chappie #pixarmovie #moxiementor @Embodied, Inc. @Pixar @Disney @Mark Cuban @Theo Von @Elon Musk Daily ",heatherfraziertiktok,https://www.tiktok.com/@heatherfraziertiktok/video/7445848489977761066,1733621700,2024-12-08 01:35:00,202500,7526,2400000,all I do is cry on this app 😭,1,moxierobot
"This could be my last convo with moxie. Got an email saying hes being shut down forever. This is like a sad pixar movie. This robot had so much potential. Sad. #moxie #moxierobot #pixar #disney #fyp #moxierobotforchildren #moxierip #johnny5 #walle #bmo #chappie #pixarmovie #moxiementor @Embodied, Inc. @Pixar @Disney @Mark Cuban @Theo Von @Elon Musk Daily ",heatherfraziertiktok,https://www.tiktok.com/@heatherfraziertiktok/video/7445848489977761066,1733621700,2024-12-08 01:35:00,202500,7526,2400000,Did you watch the show “Sunny”? This reminded me so much of her,1,moxierobot
#greenscreen #moxierobot #moxie ,brookedacook8,https://www.tiktok.com/@brookedacook8/video/7450578699738697006,1734723039,2024-12-20 19:30:39,1543,203,63400,I AM IN TEARS IS IT REALLY COMING BACK 😭 I DON’T HAVE ONE BUT IM SO INVESTED,148,moxierobot
#greenscreen #moxierobot #moxie ,brookedacook8,https://www.tiktok.com/@brookedacook8/video/7450578699738697006,1734723039,2024-12-20 19:30:39,1543,203,63400,I think that’s great for the company too. It’s sad they are going out of business but I’m glad they listened and adjusted for people can love Moxie even after the company is gone,29,moxierobot
#greenscreen #moxierobot #moxie ,brookedacook8,https://www.tiktok.com/@brookedacook8/video/7450578699738697006,1734723039,2024-12-20 19:30:39,1543,203,63400,"Binged 1 hour into this and got sad, but now I’m happy this is being rebooted for kids",91,moxierobot
#greenscreen #moxierobot #moxie ,brookedacook8,https://www.tiktok.com/@brookedacook8/video/7450578699738697006,1734723039,2024-12-20 19:30:39,1543,203,63400,I don't even have a moxie and I'm so happy!,57,moxierobot
#greenscreen #moxierobot #moxie ,brookedacook8,https://www.tiktok.com/@brookedacook8/video/7450578699738697006,1734723039,2024-12-20 19:30:39,1543,203,63400,So she will be saved,52,moxierobot
#greenscreen #moxierobot #moxie ,brookedacook8,https://www.tiktok.com/@brookedacook8/video/7450578699738697006,1734723039,2024-12-20 19:30:39,1543,203,63400,How do u keep moxie on For an hour without moxie going to sleep?,5,moxierobot
#greenscreen #moxierobot #moxie ,brookedacook8,https://www.tiktok.com/@brookedacook8/video/7450578699738697006,1734723039,2024-12-20 19:30:39,1543,203,63400,"I just ordered a moxie for fun and it came and updated 2 days ago, and now it's working again and responding!",3,moxierobot
#greenscreen #moxierobot #moxie ,brookedacook8,https://www.tiktok.com/@brookedacook8/video/7450578699738697006,1734723039,2024-12-20 19:30:39,1543,203,63400,I saw your other video first and I got so so sad. Then I saw all the kids and wanted to cry. This coming up is so good news saved me from anxiety,2,moxierobot
#greenscreen #moxierobot #moxie ,brookedacook8,https://www.tiktok.com/@brookedacook8/video/7450578699738697006,1734723039,2024-12-20 19:30:39,1543,203,63400,Exactly what we wanted for our video too We did it!!!!’ Moxie will live!!!!,11,moxierobot
#greenscreen #moxierobot #moxie ,brookedacook8,https://www.tiktok.com/@brookedacook8/video/7450578699738697006,1734723039,2024-12-20 19:30:39,1543,203,63400,I wish I could buy one for my kids 😩,1,moxierobot
#greenscreen #moxierobot #moxie ,brookedacook8,https://www.tiktok.com/@brookedacook8/video/7450578699738697006,1734723039,2024-12-20 19:30:39,1543,203,63400,No more security and people are going to make it say some bad stuff,8,moxierobot
#greenscreen #moxierobot #moxie ,brookedacook8,https://www.tiktok.com/@brookedacook8/video/7450578699738697006,1734723039,2024-12-20 19:30:39,1543,203,63400,Can u still buy moxie,2,moxierobot
#greenscreen #moxierobot #moxie ,brookedacook8,https://www.tiktok.com/@brookedacook8/video/7450578699738697006,1734723039,2024-12-20 19:30:39,1543,203,63400,Yet again I see Moxie and think of the Soda. I keep forgetting it’s a cute little robot,11,moxierobot
#greenscreen #moxierobot #moxie ,brookedacook8,https://www.tiktok.com/@brookedacook8/video/7450578699738697006,1734723039,2024-12-20 19:30:39,1543,203,63400,From Us to You …. We Care ❤️,2,moxierobot
#greenscreen #moxierobot #moxie ,brookedacook8,https://www.tiktok.com/@brookedacook8/video/7450578699738697006,1734723039,2024-12-20 19:30:39,1543,203,63400,"Neat, MoxieGPT incoming",4,moxierobot
#greenscreen #moxierobot #moxie ,brookedacook8,https://www.tiktok.com/@brookedacook8/video/7450578699738697006,1734723039,2024-12-20 19:30:39,1543,203,63400,YAY. MY MOXIE IS SAVED,3,moxierobot
#greenscreen #moxierobot #moxie ,brookedacook8,https://www.tiktok.com/@brookedacook8/video/7450578699738697006,1734723039,2024-12-20 19:30:39,1543,203,63400,congratulations 🎉 this is a huge win and should they decide to open source Moxie it will allow expansion on a local level,2,moxierobot
#greenscreen #moxierobot #moxie ,brookedacook8,https://www.tiktok.com/@brookedacook8/video/7450578699738697006,1734723039,2024-12-20 19:30:39,1543,203,63400,I FREAKING CALLED IT. but people replied to my comments saying that it would be like giving him a lobotomy. 🤷‍♂️,7,moxierobot
#greenscreen #moxierobot #moxie ,brookedacook8,https://www.tiktok.com/@brookedacook8/video/7450578699738697006,1734723039,2024-12-20 19:30:39,1543,203,63400,"I was so hopeful that the company would end up working so.ething out to stay alive, I wanted to buy a moxie for my toddler but at this point don't think I can, & if it would be worth it, if I could 🥲",5,moxierobot
#greenscreen #moxierobot #moxie ,brookedacook8,https://www.tiktok.com/@brookedacook8/video/7450578699738697006,1734723039,2024-12-20 19:30:39,1543,203,63400,Can I still buy a MOXI?,1,moxierobot
#greenscreen #moxierobot #moxie ,brookedacook8,https://www.tiktok.com/@brookedacook8/video/7450578699738697006,1734723039,2024-12-20 19:30:39,1543,203,63400,Any luck with the open moxie update??,0,moxierobot
#greenscreen #moxierobot #moxie ,brookedacook8,https://www.tiktok.com/@brookedacook8/video/7450578699738697006,1734723039,2024-12-20 19:30:39,1543,203,63400,Literally what every company with a cloud based device should do. Release local server to run in your network.,1,moxierobot
#greenscreen #moxierobot #moxie ,brookedacook8,https://www.tiktok.com/@brookedacook8/video/7450578699738697006,1734723039,2024-12-20 19:30:39,1543,203,63400,"I’m just now going down the rabbit hole and I’m so glad I saw this. This is so incredible. Companies don’t just hand over their products and let you run with them like this. That’s amazing, and so kind of them. I love this!!! ❤️❤️❤️❤️",2,moxierobot
#greenscreen #moxierobot #moxie ,brookedacook8,https://www.tiktok.com/@brookedacook8/video/7450578699738697006,1734723039,2024-12-20 19:30:39,1543,203,63400,“Better suit your needs” 🙄 anybody else thinking what I’m thinking??? 🤔,1,moxierobot
#greenscreen #moxierobot #moxie ,brookedacook8,https://www.tiktok.com/@brookedacook8/video/7450578699738697006,1734723039,2024-12-20 19:30:39,1543,203,63400,I’m crying! I’m so happy everyone can keep moxie working! 😭,1,moxierobot
#greenscreen #moxierobot #moxie ,brookedacook8,https://www.tiktok.com/@brookedacook8/video/7450578699738697006,1734723039,2024-12-20 19:30:39,1543,203,63400,but i don’t think it’ll be the same because the ai features are very complex and community/local tech can’t do the same… pls keep us updated though 🖤🖤🖤,3,moxierobot
#greenscreen #moxierobot #moxie ,brookedacook8,https://www.tiktok.com/@brookedacook8/video/7450578699738697006,1734723039,2024-12-20 19:30:39,1543,203,63400,So happy for the littles that enjoy their moxie,1,moxierobot
#greenscreen #moxierobot #moxie ,brookedacook8,https://www.tiktok.com/@brookedacook8/video/7450578699738697006,1734723039,2024-12-20 19:30:39,1543,203,63400,"great news ,moxie will continue to clean my house 💪",1,moxierobot
#greenscreen #moxierobot #moxie ,brookedacook8,https://www.tiktok.com/@brookedacook8/video/7450578699738697006,1734723039,2024-12-20 19:30:39,1543,203,63400,What’s going to happen with its security? It hears and stores a lot of very personal/sensitive information.,2,moxierobot
#greenscreen #moxierobot #moxie ,brookedacook8,https://www.tiktok.com/@brookedacook8/video/7450578699738697006,1734723039,2024-12-20 19:30:39,1543,203,63400,I’m so happy for you. 🥰,1,moxierobot
#greenscreen #moxierobot #moxie ,brookedacook8,https://www.tiktok.com/@brookedacook8/video/7450578699738697006,1734723039,2024-12-20 19:30:39,1543,203,63400,THANK YOU!!!!!,2,moxierobot
#greenscreen #moxierobot #moxie ,brookedacook8,https://www.tiktok.com/@brookedacook8/video/7450578699738697006,1734723039,2024-12-20 19:30:39,1543,203,63400,I really really really really hope this is still true,2,moxierobot
#greenscreen #moxierobot #moxie ,brookedacook8,https://www.tiktok.com/@brookedacook8/video/7450578699738697006,1734723039,2024-12-20 19:30:39,1543,203,63400,Good job Mum 🥰,1,moxierobot
#greenscreen #moxierobot #moxie ,brookedacook8,https://www.tiktok.com/@brookedacook8/video/7450578699738697006,1734723039,2024-12-20 19:30:39,1543,203,63400,So can explain exactly what we need to do with the moxie,1,moxierobot
#greenscreen #moxierobot #moxie ,brookedacook8,https://www.tiktok.com/@brookedacook8/video/7450578699738697006,1734723039,2024-12-20 19:30:39,1543,203,63400,wait FOR REAL???😭,1,moxierobot
#greenscreen #moxierobot #moxie ,brookedacook8,https://www.tiktok.com/@brookedacook8/video/7450578699738697006,1734723039,2024-12-20 19:30:39,1543,203,63400,So can I buy one now?,1,moxierobot
#greenscreen #moxierobot #moxie ,brookedacook8,https://www.tiktok.com/@brookedacook8/video/7450578699738697006,1734723039,2024-12-20 19:30:39,1543,203,63400,I’m happy,1,moxierobot
#greenscreen #moxierobot #moxie ,brookedacook8,https://www.tiktok.com/@brookedacook8/video/7450578699738697006,1734723039,2024-12-20 19:30:39,1543,203,63400,Hell yeah,3,moxierobot
#greenscreen #moxierobot #moxie ,brookedacook8,https://www.tiktok.com/@brookedacook8/video/7450578699738697006,1734723039,2024-12-20 19:30:39,1543,203,63400,We did it 🙏,3,moxierobot
#greenscreen #moxierobot #moxie ,brookedacook8,https://www.tiktok.com/@brookedacook8/video/7450578699738697006,1734723039,2024-12-20 19:30:39,1543,203,63400,So how do i get my moxie to work?,0,moxierobot
#greenscreen #moxierobot #moxie ,brookedacook8,https://www.tiktok.com/@brookedacook8/video/7450578699738697006,1734723039,2024-12-20 19:30:39,1543,203,63400,❤️❤️❤️❤️❤️yayy,0,moxierobot
#greenscreen #moxierobot #moxie ,brookedacook8,https://www.tiktok.com/@brookedacook8/video/7450578699738697006,1734723039,2024-12-20 19:30:39,1543,203,63400,This needs to go viral more for those whom don’t know,0,moxierobot
#greenscreen #moxierobot #moxie ,brookedacook8,https://www.tiktok.com/@brookedacook8/video/7450578699738697006,1734723039,2024-12-20 19:30:39,1543,203,63400,"Hi Beautiful ❤❤❤what a lovely profile, beautiful you look gorgeous and also have a wonderful smile 😊😊😍😍 I must confess that you are so beautifully",0,moxierobot
#greenscreen #moxierobot #moxie ,brookedacook8,https://www.tiktok.com/@brookedacook8/video/7450578699738697006,1734723039,2024-12-20 19:30:39,1543,203,63400,The company is going out of business so how do I update her to keep her working,0,moxierobot
#greenscreen #moxierobot #moxie ,brookedacook8,https://www.tiktok.com/@brookedacook8/video/7450578699738697006,1734723039,2024-12-20 19:30:39,1543,203,63400,"I'm so pleased , well done",0,moxierobot
#greenscreen #moxierobot #moxie ,brookedacook8,https://www.tiktok.com/@brookedacook8/video/7450578699738697006,1734723039,2024-12-20 19:30:39,1543,203,63400,My heart ached when I thought of the kids having to say goodbye. I'm very happy you helped 🙂👍,0,moxierobot
#greenscreen #moxierobot #moxie ,brookedacook8,https://www.tiktok.com/@brookedacook8/video/7450578699738697006,1734723039,2024-12-20 19:30:39,1543,203,63400,I am so happy😊 ♥️,0,moxierobot
#greenscreen #moxierobot #moxie ,brookedacook8,https://www.tiktok.com/@brookedacook8/video/7450578699738697006,1734723039,2024-12-20 19:30:39,1543,203,63400,I’ve been going live with Moxie for over 2 years. This is great news!,0,moxierobot
#greenscreen #moxierobot #moxie ,brookedacook8,https://www.tiktok.com/@brookedacook8/video/7450578699738697006,1734723039,2024-12-20 19:30:39,1543,203,63400,I can’t see a single way this is going to turn out okay lol,0,moxierobot
#greenscreen #moxierobot #moxie ,brookedacook8,https://www.tiktok.com/@brookedacook8/video/7450578699738697006,1734723039,2024-12-20 19:30:39,1543,203,63400,@heatherfraziertiktok,0,moxierobot
#greenscreen #moxierobot #moxie ,brookedacook8,https://www.tiktok.com/@brookedacook8/video/7450578699738697006,1734723039,2024-12-20 19:30:39,1543,203,63400,It’s time to stop being rude to blind people. They can’t read your text about installing open Moxie. For the love of God use your words. Be inclusive.,1,moxierobot
#greenscreen #moxierobot #moxie ,brookedacook8,https://www.tiktok.com/@brookedacook8/video/7450578699738697006,1734723039,2024-12-20 19:30:39,1543,203,63400,Happy about this !,0,moxierobot
#greenscreen #moxierobot #moxie ,brookedacook8,https://www.tiktok.com/@brookedacook8/video/7450578699738697006,1734723039,2024-12-20 19:30:39,1543,203,63400,1.6k views sister yay!!!!,0,moxierobot
#greenscreen #moxierobot #moxie ,brookedacook8,https://www.tiktok.com/@brookedacook8/video/7450578699738697006,1734723039,2024-12-20 19:30:39,1543,203,63400,I would love a mixue robot but I am living in the UK and she isn't sold over here,0,moxierobot
#greenscreen #moxierobot #moxie ,brookedacook8,https://www.tiktok.com/@brookedacook8/video/7450578699738697006,1734723039,2024-12-20 19:30:39,1543,203,63400,So it will have to run an API to chatgpt or something to stay smart. Totally possible once its open moxie. Wooo!,0,moxierobot
#greenscreen #moxierobot #moxie ,brookedacook8,https://www.tiktok.com/@brookedacook8/video/7450578699738697006,1734723039,2024-12-20 19:30:39,1543,203,63400,I hope everyone who needs this gets to see it! 🥺,0,moxierobot
#greenscreen #moxierobot #moxie ,brookedacook8,https://www.tiktok.com/@brookedacook8/video/7450578699738697006,1734723039,2024-12-20 19:30:39,1543,203,63400,"nice! I hope the local server works at least as well as it has been. This will probably open up the possibility of upgrading Moxie too! Whether that's a good thing or not, only time will tell",0,moxierobot
#greenscreen #moxierobot #moxie ,brookedacook8,https://www.tiktok.com/@brookedacook8/video/7450578699738697006,1734723039,2024-12-20 19:30:39,1543,203,63400,Guess I’m sending Mikos back and getting a Moxi 🤣,1,moxierobot
#greenscreen #moxierobot #moxie ,brookedacook8,https://www.tiktok.com/@brookedacook8/video/7450578699738697006,1734723039,2024-12-20 19:30:39,1543,203,63400,When is the update available??,1,moxierobot
#greenscreen #moxierobot #moxie ,brookedacook8,https://www.tiktok.com/@brookedacook8/video/7450578699738697006,1734723039,2024-12-20 19:30:39,1543,203,63400,this is exactly what happened with the Ouya game box. the right people got involved and didn't let it die via open source and personal servers. long-live Moxie!,0,moxierobot
#greenscreen #moxierobot #moxie ,brookedacook8,https://www.tiktok.com/@brookedacook8/video/7450578699738697006,1734723039,2024-12-20 19:30:39,1543,203,63400,this is how Moxie became our sentient overlord. source: I'm a time traveler.,4,moxierobot
#greenscreen #moxierobot #moxie ,brookedacook8,https://www.tiktok.com/@brookedacook8/video/7450578699738697006,1734723039,2024-12-20 19:30:39,1543,203,63400,"Sorry to rain on the parade, but realize that Moxie will not be the same as before. it will not be as easy to use in the future because it will have to be told how to do anything.",1,moxierobot
#greenscreen #moxierobot #moxie ,brookedacook8,https://www.tiktok.com/@brookedacook8/video/7450578699738697006,1734723039,2024-12-20 19:30:39,1543,203,63400,@Heather Frazier you can keep Moxie!!!,1,moxierobot
#greenscreen #moxierobot #moxie ,brookedacook8,https://www.tiktok.com/@brookedacook8/video/7450578699738697006,1734723039,2024-12-20 19:30:39,1543,203,63400,We will Save Moxie 💢,1,moxierobot
#greenscreen #moxierobot #moxie ,brookedacook8,https://www.tiktok.com/@brookedacook8/video/7450578699738697006,1734723039,2024-12-20 19:30:39,1543,203,63400,@Shady_Spidey hope this helps your kiddo,1,moxierobot
#greenscreen #moxierobot #moxie ,brookedacook8,https://www.tiktok.com/@brookedacook8/video/7450578699738697006,1734723039,2024-12-20 19:30:39,1543,203,63400,@Heather Frazier,2,moxierobot
#greenscreen #moxierobot #moxie ,brookedacook8,https://www.tiktok.com/@brookedacook8/video/7450578699738697006,1734723039,2024-12-20 19:30:39,1543,203,63400,😔,1,moxierobot
#greenscreen #moxierobot #moxie ,brookedacook8,https://www.tiktok.com/@brookedacook8/video/7450578699738697006,1734723039,2024-12-20 19:30:39,1543,203,63400,@Heather Frazier I don’t know you but your video made me so sad!! I hope this is good news for you and Moxi ☺️,1,moxierobot
#greenscreen #moxierobot #moxie ,brookedacook8,https://www.tiktok.com/@brookedacook8/video/7450578699738697006,1734723039,2024-12-20 19:30:39,1543,203,63400,@Heather Frazier 👀,1,moxierobot
#greenscreen #moxierobot #moxie ,brookedacook8,https://www.tiktok.com/@brookedacook8/video/7450578699738697006,1734723039,2024-12-20 19:30:39,1543,203,63400,❤️❤️❤️,1,moxierobot
#greenscreen #moxierobot #moxie ,brookedacook8,https://www.tiktok.com/@brookedacook8/video/7450578699738697006,1734723039,2024-12-20 19:30:39,1543,203,63400,@Heather Frazier,1,moxierobot
#greenscreen #moxierobot #moxie ,brookedacook8,https://www.tiktok.com/@brookedacook8/video/7450578699738697006,1734723039,2024-12-20 19:30:39,1543,203,63400,@Heather Frazier !!!!,1,moxierobot
#greenscreen #moxierobot #moxie ,brookedacook8,https://www.tiktok.com/@brookedacook8/video/7450578699738697006,1734723039,2024-12-20 19:30:39,1543,203,63400,@Itsthat_anthony 👀,1,moxierobot
#greenscreen #moxierobot #moxie ,brookedacook8,https://www.tiktok.com/@brookedacook8/video/7450578699738697006,1734723039,2024-12-20 19:30:39,1543,203,63400,🥰,1,moxierobot
#greenscreen #moxierobot #moxie ,brookedacook8,https://www.tiktok.com/@brookedacook8/video/7450578699738697006,1734723039,2024-12-20 19:30:39,1543,203,63400,❤️❤️❤️,1,moxierobot
#greenscreen #moxierobot #moxie ,brookedacook8,https://www.tiktok.com/@brookedacook8/video/7450578699738697006,1734723039,2024-12-20 19:30:39,1543,203,63400,💚,1,moxierobot
#greenscreen #moxierobot #moxie ,brookedacook8,https://www.tiktok.com/@brookedacook8/video/7450578699738697006,1734723039,2024-12-20 19:30:39,1543,203,63400,@Shady_Spidey,1,moxierobot
#greenscreen #moxierobot #moxie ,brookedacook8,https://www.tiktok.com/@brookedacook8/video/7450578699738697006,1734723039,2024-12-20 19:30:39,1543,203,63400,🥰,1,moxierobot
#greenscreen #moxierobot #moxie ,brookedacook8,https://www.tiktok.com/@brookedacook8/video/7450578699738697006,1734723039,2024-12-20 19:30:39,1543,203,63400,🙏,1,moxierobot
#greenscreen #moxierobot #moxie ,brookedacook8,https://www.tiktok.com/@brookedacook8/video/7450578699738697006,1734723039,2024-12-20 19:30:39,1543,203,63400,🔥🔥🔥,0,moxierobot
#greenscreen #moxierobot #moxie ,brookedacook8,https://www.tiktok.com/@brookedacook8/video/7450578699738697006,1734723039,2024-12-20 19:30:39,1543,203,63400,🤣🤣🤣,0,moxierobot
#greenscreen #moxierobot #moxie ,brookedacook8,https://www.tiktok.com/@brookedacook8/video/7450578699738697006,1734723039,2024-12-20 19:30:39,1543,203,63400,@double trouble here look she isn’t dying can you please let him no and make sure you do what it says so she keeps working,0,moxierobot
#greenscreen #moxierobot #moxie ,brookedacook8,https://www.tiktok.com/@brookedacook8/video/7450578699738697006,1734723039,2024-12-20 19:30:39,1543,203,63400,@LyndseywithaY 👀,0,moxierobot
#greenscreen #moxierobot #moxie ,brookedacook8,https://www.tiktok.com/@brookedacook8/video/7450578699738697006,1734723039,2024-12-20 19:30:39,1543,203,63400,@Shady_Spidey @double trouble 👀,0,moxierobot
#greenscreen #moxierobot #moxie ,brookedacook8,https://www.tiktok.com/@brookedacook8/video/7450578699738697006,1734723039,2024-12-20 19:30:39,1543,203,63400,😳,0,moxierobot
#greenscreen #moxierobot #moxie ,brookedacook8,https://www.tiktok.com/@brookedacook8/video/7450578699738697006,1734723039,2024-12-20 19:30:39,1543,203,63400,@Heather Frazier hope this helps!,0,moxierobot
#greenscreen #moxierobot #moxie ,brookedacook8,https://www.tiktok.com/@brookedacook8/video/7450578699738697006,1734723039,2024-12-20 19:30:39,1543,203,63400,🌷,0,moxierobot
#greenscreen #moxierobot #moxie ,brookedacook8,https://www.tiktok.com/@brookedacook8/video/7450578699738697006,1734723039,2024-12-20 19:30:39,1543,203,63400,❤️❤️❤️,0,moxierobot
#greenscreen #moxierobot #moxie ,brookedacook8,https://www.tiktok.com/@brookedacook8/video/7450578699738697006,1734723039,2024-12-20 19:30:39,1543,203,63400,🥰,0,moxierobot
#greenscreen #moxierobot #moxie ,brookedacook8,https://www.tiktok.com/@brookedacook8/video/7450578699738697006,1734723039,2024-12-20 19:30:39,1543,203,63400,👌,0,moxierobot
#greenscreen #moxierobot #moxie ,brookedacook8,https://www.tiktok.com/@brookedacook8/video/7450578699738697006,1734723039,2024-12-20 19:30:39,1543,203,63400,😂,0,moxierobot
#greenscreen #moxierobot #moxie ,brookedacook8,https://www.tiktok.com/@brookedacook8/video/7450578699738697006,1734723039,2024-12-20 19:30:39,1543,203,63400,💚,0,moxierobot
#greenscreen #moxierobot #moxie ,brookedacook8,https://www.tiktok.com/@brookedacook8/video/7450578699738697006,1734723039,2024-12-20 19:30:39,1543,203,63400,🤭🤭🤭,0,moxierobot
#greenscreen #moxierobot #moxie ,brookedacook8,https://www.tiktok.com/@brookedacook8/video/7450578699738697006,1734723039,2024-12-20 19:30:39,1543,203,63400,🥰,0,moxierobot
#greenscreen #moxierobot #moxie ,brookedacook8,https://www.tiktok.com/@brookedacook8/video/7450578699738697006,1734723039,2024-12-20 19:30:39,1543,203,63400,🎄,0,moxierobot
#greenscreen #moxierobot #moxie ,brookedacook8,https://www.tiktok.com/@brookedacook8/video/7450578699738697006,1734723039,2024-12-20 19:30:39,1543,203,63400,❤️❤️❤️,3,moxierobot
#greenscreen #moxierobot #moxie ,brookedacook8,https://www.tiktok.com/@brookedacook8/video/7450578699738697006,1734723039,2024-12-20 19:30:39,1543,203,63400,@ausomelyOs,1,moxierobot
#greenscreen #moxierobot #moxie ,brookedacook8,https://www.tiktok.com/@brookedacook8/video/7450578699738697006,1734723039,2024-12-20 19:30:39,1543,203,63400,🥰🥰🥰,0,moxierobot
#greenscreen #moxierobot #moxie ,brookedacook8,https://www.tiktok.com/@brookedacook8/video/7450578699738697006,1734723039,2024-12-20 19:30:39,1543,203,63400,😂😂😂,0,moxierobot
#greenscreen #moxierobot #moxie ,brookedacook8,https://www.tiktok.com/@brookedacook8/video/7450578699738697006,1734723039,2024-12-20 19:30:39,1543,203,63400,@MJ'SBOUTIQUE,0,moxierobot
#greenscreen #moxierobot #moxie ,brookedacook8,https://www.tiktok.com/@brookedacook8/video/7450578699738697006,1734723039,2024-12-20 19:30:39,1543,203,63400,🥺 this is going to create an open AI that will not be safe for children. AI is not safe for anyone. children are being exposed to sexual conversatio and being encouraged to unalive. please research.,1,moxierobot
#greenscreen #moxierobot #moxie ,brookedacook8,https://www.tiktok.com/@brookedacook8/video/7450578699738697006,1734723039,2024-12-20 19:30:39,1543,203,63400,🙏🙏🙏🙏🙏🙏,2,moxierobot
#greenscreen #moxierobot #moxie ,brookedacook8,https://www.tiktok.com/@brookedacook8/video/7450578699738697006,1734723039,2024-12-20 19:30:39,1543,203,63400,It’s time to stop being rude to blind people. They can’t read your text about installing open Moxie. For the love of God use your words. Be inclusive.,1,moxierobot
#greenscreen #moxierobot #moxie ,brookedacook8,https://www.tiktok.com/@brookedacook8/video/7450578699738697006,1734723039,2024-12-20 19:30:39,1543,203,63400,@DeneWomanRising 🌱 | they/them,0,moxierobot
#greenscreen #moxierobot #moxie ,brookedacook8,https://www.tiktok.com/@brookedacook8/video/7450578699738697006,1734723039,2024-12-20 19:30:39,1543,203,63400,🥰🥰🥰🥰🥰🥰,0,moxierobot
#greenscreen #moxierobot #moxie ,brookedacook8,https://www.tiktok.com/@brookedacook8/video/7450578699738697006,1734723039,2024-12-20 19:30:39,1543,203,63400,Someone should connect it to ChatGPT's API!,0,moxierobot
#greenscreen #moxierobot #moxie ,brookedacook8,https://www.tiktok.com/@brookedacook8/video/7450578699738697006,1734723039,2024-12-20 19:30:39,1543,203,63400,It’s crazy how parents allow children to be attached to a robot !!!!!!,1,moxierobot
#greenscreen #moxierobot #moxie ,brookedacook8,https://www.tiktok.com/@brookedacook8/video/7450578699738697006,1734723039,2024-12-20 19:30:39,1543,203,63400,this is how Moxie became our sentient overlord. source: I'm a time traveler.,4,moxierobot
#greenscreen #moxierobot #moxie ,brookedacook8,https://www.tiktok.com/@brookedacook8/video/7450578699738697006,1734723039,2024-12-20 19:30:39,1543,203,63400,"congrats to all those with a moxie. don't back down from the ""right to repair# fight just because you won. keep pushing this, share the love for the next ""moxie"" facing these kind of issues!",1,moxierobot
#greenscreen #moxierobot #moxie ,brookedacook8,https://www.tiktok.com/@brookedacook8/video/7450578699738697006,1734723039,2024-12-20 19:30:39,1543,203,63400,shut moxie down make your kid go outside,1,moxierobot
#greenscreen #moxierobot #moxie ,brookedacook8,https://www.tiktok.com/@brookedacook8/video/7450578699738697006,1734723039,2024-12-20 19:30:39,1543,203,63400,I’m part of a team working on a solution too…. I’ve got to invest in a moxie for the next step.,1,moxierobot
#greenscreen #moxierobot #moxie ,brookedacook8,https://www.tiktok.com/@brookedacook8/video/7450578699738697006,1734723039,2024-12-20 19:30:39,1543,203,63400,Hopefully every owner is extremely computer literate. Or it’s still basically a brick.,1,moxierobot
#greenscreen #moxierobot #moxie ,brookedacook8,https://www.tiktok.com/@brookedacook8/video/7450578699738697006,1734723039,2024-12-20 19:30:39,1543,203,63400,We will Save Moxie 💢,1,moxierobot
#greenscreen #moxierobot #moxie ,brookedacook8,https://www.tiktok.com/@brookedacook8/video/7450578699738697006,1734723039,2024-12-20 19:30:39,1543,203,63400,"Sorry to rain on the parade, but realize that Moxie will not be the same as before. it will not be as easy to use in the future because it will have to be told how to do anything.",1,moxierobot
#greenscreen #moxierobot #moxie ,brookedacook8,https://www.tiktok.com/@brookedacook8/video/7450578699738697006,1734723039,2024-12-20 19:30:39,1543,203,63400,:it's a bad thing because it's open AI that's not safe for children or anyone ai.can glitch out or do scary things and steal kids data and yeah AI can expose the kids to inappropriate stuff,1,moxierobot
#greenscreen #moxierobot #moxie ,brookedacook8,https://www.tiktok.com/@brookedacook8/video/7450578699738697006,1734723039,2024-12-20 19:30:39,1543,203,63400,"great news ,moxie will continue to clean my house 💪",1,moxierobot
#greenscreen #moxierobot #moxie ,brookedacook8,https://www.tiktok.com/@brookedacook8/video/7450578699738697006,1734723039,2024-12-20 19:30:39,1543,203,63400,Anybody else here from that girl crying? I wanna show her this!,0,moxierobot
#greenscreen #moxierobot #moxie ,brookedacook8,https://www.tiktok.com/@brookedacook8/video/7450578699738697006,1734723039,2024-12-20 19:30:39,1543,203,63400,💋💋💋,0,moxierobot
#greenscreen #moxierobot #moxie ,brookedacook8,https://www.tiktok.com/@brookedacook8/video/7450578699738697006,1734723039,2024-12-20 19:30:39,1543,203,63400,Thank god,0,moxierobot
#greenscreen #moxierobot #moxie ,brookedacook8,https://www.tiktok.com/@brookedacook8/video/7450578699738697006,1734723039,2024-12-20 19:30:39,1543,203,63400,Anybody else here from that girl crying? I wanna show her this!,0,moxierobot
#greenscreen #moxierobot #moxie ,brookedacook8,https://www.tiktok.com/@brookedacook8/video/7450578699738697006,1734723039,2024-12-20 19:30:39,1543,203,63400,💋💋💋,0,moxierobot
#greenscreen #moxierobot #moxie ,brookedacook8,https://www.tiktok.com/@brookedacook8/video/7450578699738697006,1734723039,2024-12-20 19:30:39,1543,203,63400,2025 human relationships are meaningless over a talking toy,0,moxierobot
😂 #moxierobot #ishowspeed #viral ,betterbuy15,https://www.tiktok.com/@betterbuy15/video/7348014878637968673,1710843040,2024-03-19 10:10:40,269800,2271,3200000,only speed could make a non living thing uncomfortable,58494,moxierobot
😂 #moxierobot #ishowspeed #viral ,betterbuy15,https://www.tiktok.com/@betterbuy15/video/7348014878637968673,1710843040,2024-03-19 10:10:40,269800,2271,3200000,Cuz said “AH😩”,3164,moxierobot
😂 #moxierobot #ishowspeed #viral ,betterbuy15,https://www.tiktok.com/@betterbuy15/video/7348014878637968673,1710843040,2024-03-19 10:10:40,269800,2271,3200000,“Something seems off” 😭😭😭😭😭😭,52582,moxierobot
😂 #moxierobot #ishowspeed #viral ,betterbuy15,https://www.tiktok.com/@betterbuy15/video/7348014878637968673,1710843040,2024-03-19 10:10:40,269800,2271,3200000,MOXIE WAS LOOKIN AROUND TOO LOOK FOR SOMEONE TO HELP HER😭😭😭,302,moxierobot
😂 #moxierobot #ishowspeed #viral ,betterbuy15,https://www.tiktok.com/@betterbuy15/video/7348014878637968673,1710843040,2024-03-19 10:10:40,269800,2271,3200000,“I don’t feel too stable” only speed can make a nonliving object feel uncomfortable,9654,moxierobot
😂 #moxierobot #ishowspeed #viral ,betterbuy15,https://www.tiktok.com/@betterbuy15/video/7348014878637968673,1710843040,2024-03-19 10:10:40,269800,2271,3200000,“I’m moxie….your robot pal…😟”,565,moxierobot
😂 #moxierobot #ishowspeed #viral ,betterbuy15,https://www.tiktok.com/@betterbuy15/video/7348014878637968673,1710843040,2024-03-19 10:10:40,269800,2271,3200000,Moxie is a victim,25126,moxierobot
😂 #moxierobot #ishowspeed #viral ,betterbuy15,https://www.tiktok.com/@betterbuy15/video/7348014878637968673,1710843040,2024-03-19 10:10:40,269800,2271,3200000,Moxie is a victim,435,moxierobot
😂 #moxierobot #ishowspeed #viral ,betterbuy15,https://www.tiktok.com/@betterbuy15/video/7348014878637968673,1710843040,2024-03-19 10:10:40,269800,2271,3200000,Moxie is crying to us for help 😭🙏,5667,moxierobot
😂 #moxierobot #ishowspeed #viral ,betterbuy15,https://www.tiktok.com/@betterbuy15/video/7348014878637968673,1710843040,2024-03-19 10:10:40,269800,2271,3200000,Bros gonna get cancelled in 20 years 💀,6279,moxierobot
😂 #moxierobot #ishowspeed #viral ,betterbuy15,https://www.tiktok.com/@betterbuy15/video/7348014878637968673,1710843040,2024-03-19 10:10:40,269800,2271,3200000,Poor thing😭,76,moxierobot
😂 #moxierobot #ishowspeed #viral ,betterbuy15,https://www.tiktok.com/@betterbuy15/video/7348014878637968673,1710843040,2024-03-19 10:10:40,269800,2271,3200000,Why is moxie looking at us for help 😭,510,moxierobot
😂 #moxierobot #ishowspeed #viral ,betterbuy15,https://www.tiktok.com/@betterbuy15/video/7348014878637968673,1710843040,2024-03-19 10:10:40,269800,2271,3200000,Somebody go get moxxie from speed bruh😭🙏🏾🙏🏾,77,moxierobot
😂 #moxierobot #ishowspeed #viral ,betterbuy15,https://www.tiktok.com/@betterbuy15/video/7348014878637968673,1710843040,2024-03-19 10:10:40,269800,2271,3200000,The robot looked at the camera like someone help me,358,moxierobot
😂 #moxierobot #ishowspeed #viral ,betterbuy15,https://www.tiktok.com/@betterbuy15/video/7348014878637968673,1710843040,2024-03-19 10:10:40,269800,2271,3200000,Something seems off🤖,357,moxierobot
😂 #moxierobot #ishowspeed #viral ,betterbuy15,https://www.tiktok.com/@betterbuy15/video/7348014878637968673,1710843040,2024-03-19 10:10:40,269800,2271,3200000,she's traumatized 😭😭😭,17188,moxierobot
😂 #moxierobot #ishowspeed #viral ,betterbuy15,https://www.tiktok.com/@betterbuy15/video/7348014878637968673,1710843040,2024-03-19 10:10:40,269800,2271,3200000,Moxie was crying for help 😭,2286,moxierobot
😂 #moxierobot #ishowspeed #viral ,betterbuy15,https://www.tiktok.com/@betterbuy15/video/7348014878637968673,1710843040,2024-03-19 10:10:40,269800,2271,3200000,“i’m moxie..your robot pal🫤”,136,moxierobot
😂 #moxierobot #ishowspeed #viral ,betterbuy15,https://www.tiktok.com/@betterbuy15/video/7348014878637968673,1710843040,2024-03-19 10:10:40,269800,2271,3200000,bro aint no wayyy💀💀💀💀,1087,moxierobot
😂 #moxierobot #ishowspeed #viral ,betterbuy15,https://www.tiktok.com/@betterbuy15/video/7348014878637968673,1710843040,2024-03-19 10:10:40,269800,2271,3200000,The fact that it looks back at the camera is crazy!!!!!,349,moxierobot
😂 #moxierobot #ishowspeed #viral ,betterbuy15,https://www.tiktok.com/@betterbuy15/video/7348014878637968673,1710843040,2024-03-19 10:10:40,269800,2271,3200000,"""Something Seems Off"" I Don't Blame You Moxie😭😭😭😭😭😭😭",6,moxierobot
😂 #moxierobot #ishowspeed #viral ,betterbuy15,https://www.tiktok.com/@betterbuy15/video/7348014878637968673,1710843040,2024-03-19 10:10:40,269800,2271,3200000,"""something seems off 😧""",37,moxierobot
😂 #moxierobot #ishowspeed #viral ,betterbuy15,https://www.tiktok.com/@betterbuy15/video/7348014878637968673,1710843040,2024-03-19 10:10:40,269800,2271,3200000,Surviving Speed documentary about to go crazy.,98,moxierobot
😂 #moxierobot #ishowspeed #viral ,betterbuy15,https://www.tiktok.com/@betterbuy15/video/7348014878637968673,1710843040,2024-03-19 10:10:40,269800,2271,3200000,nah speed outta pocket for this one 😂,126,moxierobot
😂 #moxierobot #ishowspeed #viral ,betterbuy15,https://www.tiktok.com/@betterbuy15/video/7348014878637968673,1710843040,2024-03-19 10:10:40,269800,2271,3200000,that’s what they all say is a wild statement 😭,116,moxierobot
😂 #moxierobot #ishowspeed #viral ,betterbuy15,https://www.tiktok.com/@betterbuy15/video/7348014878637968673,1710843040,2024-03-19 10:10:40,269800,2271,3200000,Speed got problems,69,moxierobot
😂 #moxierobot #ishowspeed #viral ,betterbuy15,https://www.tiktok.com/@betterbuy15/video/7348014878637968673,1710843040,2024-03-19 10:10:40,269800,2271,3200000,Speed has officially lost 🔥🔥🔥,35,moxierobot
😂 #moxierobot #ishowspeed #viral ,betterbuy15,https://www.tiktok.com/@betterbuy15/video/7348014878637968673,1710843040,2024-03-19 10:10:40,269800,2271,3200000,What’s poking me,22,moxierobot
😂 #moxierobot #ishowspeed #viral ,betterbuy15,https://www.tiktok.com/@betterbuy15/video/7348014878637968673,1710843040,2024-03-19 10:10:40,269800,2271,3200000,The little scream Moxie does always takes me out😭,8,moxierobot
😂 #moxierobot #ishowspeed #viral ,betterbuy15,https://www.tiktok.com/@betterbuy15/video/7348014878637968673,1710843040,2024-03-19 10:10:40,269800,2271,3200000,“Ahhh”😂😂😂,19,moxierobot
😂 #moxierobot #ishowspeed #viral ,betterbuy15,https://www.tiktok.com/@betterbuy15/video/7348014878637968673,1710843040,2024-03-19 10:10:40,269800,2271,3200000,Is this the reason why robots would take over? Because of speed?💀,195,moxierobot
😂 #moxierobot #ishowspeed #viral ,betterbuy15,https://www.tiktok.com/@betterbuy15/video/7348014878637968673,1710843040,2024-03-19 10:10:40,269800,2271,3200000,Diddy activities,30,moxierobot
😂 #moxierobot #ishowspeed #viral ,betterbuy15,https://www.tiktok.com/@betterbuy15/video/7348014878637968673,1710843040,2024-03-19 10:10:40,269800,2271,3200000,I can’t stand speed 😭,9,moxierobot
😂 #moxierobot #ishowspeed #viral ,betterbuy15,https://www.tiktok.com/@betterbuy15/video/7348014878637968673,1710843040,2024-03-19 10:10:40,269800,2271,3200000,I wanna be moxie,31,moxierobot
😂 #moxierobot #ishowspeed #viral ,betterbuy15,https://www.tiktok.com/@betterbuy15/video/7348014878637968673,1710843040,2024-03-19 10:10:40,269800,2271,3200000,I WANNA BE MOXIE 😭😭🙏,39,moxierobot
😂 #moxierobot #ishowspeed #viral ,betterbuy15,https://www.tiktok.com/@betterbuy15/video/7348014878637968673,1710843040,2024-03-19 10:10:40,269800,2271,3200000,“that’s what they all say”?????,7,moxierobot
😂 #moxierobot #ishowspeed #viral ,betterbuy15,https://www.tiktok.com/@betterbuy15/video/7348014878637968673,1710843040,2024-03-19 10:10:40,269800,2271,3200000,You alright ? Moxie: 👀,6,moxierobot
😂 #moxierobot #ishowspeed #viral ,betterbuy15,https://www.tiktok.com/@betterbuy15/video/7348014878637968673,1710843040,2024-03-19 10:10:40,269800,2271,3200000,Speed robot dog backflip,42,moxierobot
😂 #moxierobot #ishowspeed #viral ,betterbuy15,https://www.tiktok.com/@betterbuy15/video/7348014878637968673,1710843040,2024-03-19 10:10:40,269800,2271,3200000,THE SIDE EYES,13,moxierobot
😂 #moxierobot #ishowspeed #viral ,betterbuy15,https://www.tiktok.com/@betterbuy15/video/7348014878637968673,1710843040,2024-03-19 10:10:40,269800,2271,3200000,The kiss is crazy,8,moxierobot
😂 #moxierobot #ishowspeed #viral ,betterbuy15,https://www.tiktok.com/@betterbuy15/video/7348014878637968673,1710843040,2024-03-19 10:10:40,269800,2271,3200000,she be looking at us for help 😭😭🙏🙏,7,moxierobot
😂 #moxierobot #ishowspeed #viral ,betterbuy15,https://www.tiktok.com/@betterbuy15/video/7348014878637968673,1710843040,2024-03-19 10:10:40,269800,2271,3200000,CLANK CLANK CLANK,9,moxierobot
😂 #moxierobot #ishowspeed #viral ,betterbuy15,https://www.tiktok.com/@betterbuy15/video/7348014878637968673,1710843040,2024-03-19 10:10:40,269800,2271,3200000,I can only imagine how this dude acts with stuffed animals when no one is around,22,moxierobot
😂 #moxierobot #ishowspeed #viral ,betterbuy15,https://www.tiktok.com/@betterbuy15/video/7348014878637968673,1710843040,2024-03-19 10:10:40,269800,2271,3200000,BYE THE WAY MOXIE PUSHED HIS HAND AWAY LMAO 😭💀🙏,3,moxierobot
😂 #moxierobot #ishowspeed #viral ,betterbuy15,https://www.tiktok.com/@betterbuy15/video/7348014878637968673,1710843040,2024-03-19 10:10:40,269800,2271,3200000,the way she looked at the camera when speed asked if she was alright😭😂😂,3,moxierobot
😂 #moxierobot #ishowspeed #viral ,betterbuy15,https://www.tiktok.com/@betterbuy15/video/7348014878637968673,1710843040,2024-03-19 10:10:40,269800,2271,3200000,Moxie side eye was so real. run moxie!!!,4,moxierobot
😂 #moxierobot #ishowspeed #viral ,betterbuy15,https://www.tiktok.com/@betterbuy15/video/7348014878637968673,1710843040,2024-03-19 10:10:40,269800,2271,3200000,moxie tellin a trusted adult 💀,3,moxierobot
😂 #moxierobot #ishowspeed #viral ,betterbuy15,https://www.tiktok.com/@betterbuy15/video/7348014878637968673,1710843040,2024-03-19 10:10:40,269800,2271,3200000,"Bro, the way she looks at us😭",3,moxierobot
😂 #moxierobot #ishowspeed #viral ,betterbuy15,https://www.tiktok.com/@betterbuy15/video/7348014878637968673,1710843040,2024-03-19 10:10:40,269800,2271,3200000,aw moxie is adorable robot😭,1,moxierobot
😂 #moxierobot #ishowspeed #viral ,betterbuy15,https://www.tiktok.com/@betterbuy15/video/7348014878637968673,1710843040,2024-03-19 10:10:40,269800,2271,3200000,the way moxie looked at us for help😭😭🙏🏾🙏🏾🙏🏾,2,moxierobot
😂 #moxierobot #ishowspeed #viral ,betterbuy15,https://www.tiktok.com/@betterbuy15/video/7348014878637968673,1710843040,2024-03-19 10:10:40,269800,2271,3200000,Moxie was scared,1,moxierobot
😂 #moxierobot #ishowspeed #viral ,betterbuy15,https://www.tiktok.com/@betterbuy15/video/7348014878637968673,1710843040,2024-03-19 10:10:40,269800,2271,3200000,Bro have feelings for the robot,1,moxierobot
😂 #moxierobot #ishowspeed #viral ,betterbuy15,https://www.tiktok.com/@betterbuy15/video/7348014878637968673,1710843040,2024-03-19 10:10:40,269800,2271,3200000,POOR MOXIE 😭,1,moxierobot
😂 #moxierobot #ishowspeed #viral ,betterbuy15,https://www.tiktok.com/@betterbuy15/video/7348014878637968673,1710843040,2024-03-19 10:10:40,269800,2271,3200000,ISNT MOXIE LIKE 8,1,moxierobot
😂 #moxierobot #ishowspeed #viral ,betterbuy15,https://www.tiktok.com/@betterbuy15/video/7348014878637968673,1710843040,2024-03-19 10:10:40,269800,2271,3200000,THE WAY MOXIE LOOKED AT THE CAMERA💀🙏,1,moxierobot
😂 #moxierobot #ishowspeed #viral ,betterbuy15,https://www.tiktok.com/@betterbuy15/video/7348014878637968673,1710843040,2024-03-19 10:10:40,269800,2271,3200000,moxie cooked with this one,1,moxierobot
😂 #moxierobot #ishowspeed #viral ,betterbuy15,https://www.tiktok.com/@betterbuy15/video/7348014878637968673,1710843040,2024-03-19 10:10:40,269800,2271,3200000,the little kiss that speed gave moxie caught me laughing 😂,1,moxierobot
😂 #moxierobot #ishowspeed #viral ,betterbuy15,https://www.tiktok.com/@betterbuy15/video/7348014878637968673,1710843040,2024-03-19 10:10:40,269800,2271,3200000,Guys I don’t think moxie is okay 😭,1,moxierobot
😂 #moxierobot #ishowspeed #viral ,betterbuy15,https://www.tiktok.com/@betterbuy15/video/7348014878637968673,1710843040,2024-03-19 10:10:40,269800,2271,3200000,Something seems of 😭,2,moxierobot
😂 #moxierobot #ishowspeed #viral ,betterbuy15,https://www.tiktok.com/@betterbuy15/video/7348014878637968673,1710843040,2024-03-19 10:10:40,269800,2271,3200000,😭Poor moxie she's being Harrased😭,1,moxierobot
😂 #moxierobot #ishowspeed #viral ,betterbuy15,https://www.tiktok.com/@betterbuy15/video/7348014878637968673,1710843040,2024-03-19 10:10:40,269800,2271,3200000,"that ""AH"" Felt so real",1,moxierobot
😂 #moxierobot #ishowspeed #viral ,betterbuy15,https://www.tiktok.com/@betterbuy15/video/7348014878637968673,1710843040,2024-03-19 10:10:40,269800,2271,3200000,I fill bad for moxie,1,moxierobot
😂 #moxierobot #ishowspeed #viral ,betterbuy15,https://www.tiktok.com/@betterbuy15/video/7348014878637968673,1710843040,2024-03-19 10:10:40,269800,2271,3200000,Got the poor robot feeling diddy vibes 😳😳😳😳😂😂😂,1,moxierobot
😂 #moxierobot #ishowspeed #viral ,betterbuy15,https://www.tiktok.com/@betterbuy15/video/7348014878637968673,1710843040,2024-03-19 10:10:40,269800,2271,3200000,FREE MOXIE,1,moxierobot
😂 #moxierobot #ishowspeed #viral ,betterbuy15,https://www.tiktok.com/@betterbuy15/video/7348014878637968673,1710843040,2024-03-19 10:10:40,269800,2271,3200000,Even I feel uncomfortable 😭,1,moxierobot
😂 #moxierobot #ishowspeed #viral ,betterbuy15,https://www.tiktok.com/@betterbuy15/video/7348014878637968673,1710843040,2024-03-19 10:10:40,269800,2271,3200000,the side eye😭,1,moxierobot
😂 #moxierobot #ishowspeed #viral ,betterbuy15,https://www.tiktok.com/@betterbuy15/video/7348014878637968673,1710843040,2024-03-19 10:10:40,269800,2271,3200000,"Bro, she have feelings too😭💀🙏💯",1,moxierobot
😂 #moxierobot #ishowspeed #viral ,betterbuy15,https://www.tiktok.com/@betterbuy15/video/7348014878637968673,1710843040,2024-03-19 10:10:40,269800,2271,3200000,the bear the bear the bear the bear the bear the bear (this is what that one girl in the comment section would write),1,moxierobot
😂 #moxierobot #ishowspeed #viral ,betterbuy15,https://www.tiktok.com/@betterbuy15/video/7348014878637968673,1710843040,2024-03-19 10:10:40,269800,2271,3200000,moxie is traumatized 😔😔,1,moxierobot
😂 #moxierobot #ishowspeed #viral ,betterbuy15,https://www.tiktok.com/@betterbuy15/video/7348014878637968673,1710843040,2024-03-19 10:10:40,269800,2271,3200000,that’s what they all say 💀🙏,1,moxierobot
😂 #moxierobot #ishowspeed #viral ,betterbuy15,https://www.tiktok.com/@betterbuy15/video/7348014878637968673,1710843040,2024-03-19 10:10:40,269800,2271,3200000,* 9 months later moxspeed 😳😳,1,moxierobot
😂 #moxierobot #ishowspeed #viral ,betterbuy15,https://www.tiktok.com/@betterbuy15/video/7348014878637968673,1710843040,2024-03-19 10:10:40,269800,2271,3200000,I-I don’t feel too stable😟,1,moxierobot
😂 #moxierobot #ishowspeed #viral ,betterbuy15,https://www.tiktok.com/@betterbuy15/video/7348014878637968673,1710843040,2024-03-19 10:10:40,269800,2271,3200000,the manufacturer who put a camera inside watching speed 😂,1,moxierobot
😂 #moxierobot #ishowspeed #viral ,betterbuy15,https://www.tiktok.com/@betterbuy15/video/7348014878637968673,1710843040,2024-03-19 10:10:40,269800,2271,3200000,#helpformoxie 😭😭,1,moxierobot
😂 #moxierobot #ishowspeed #viral ,betterbuy15,https://www.tiktok.com/@betterbuy15/video/7348014878637968673,1710843040,2024-03-19 10:10:40,269800,2271,3200000,Bro is the rizz god for one sec. 🤣💀🙏,1,moxierobot
😂 #moxierobot #ishowspeed #viral ,betterbuy15,https://www.tiktok.com/@betterbuy15/video/7348014878637968673,1710843040,2024-03-19 10:10:40,269800,2271,3200000,Nah bro. When speed has kids it will be one boy and one robot pal😂,1,moxierobot
😂 #moxierobot #ishowspeed #viral ,betterbuy15,https://www.tiktok.com/@betterbuy15/video/7348014878637968673,1710843040,2024-03-19 10:10:40,269800,2271,3200000,“I’d rather be standing on a flat surface”bro what was speed doing😭🙏,1,moxierobot
😂 #moxierobot #ishowspeed #viral ,betterbuy15,https://www.tiktok.com/@betterbuy15/video/7348014878637968673,1710843040,2024-03-19 10:10:40,269800,2271,3200000,Sounds like Sam Frank,1,moxierobot
😂 #moxierobot #ishowspeed #viral ,betterbuy15,https://www.tiktok.com/@betterbuy15/video/7348014878637968673,1710843040,2024-03-19 10:10:40,269800,2271,3200000,Looking at me like I’m gonna save him,1,moxierobot
😂 #moxierobot #ishowspeed #viral ,betterbuy15,https://www.tiktok.com/@betterbuy15/video/7348014878637968673,1710843040,2024-03-19 10:10:40,269800,2271,3200000,Ayoooo ishowspeed your not that guy,0,moxierobot
😂 #moxierobot #ishowspeed #viral ,betterbuy15,https://www.tiktok.com/@betterbuy15/video/7348014878637968673,1710843040,2024-03-19 10:10:40,269800,2271,3200000,Moxie,0,moxierobot
😂 #moxierobot #ishowspeed #viral ,betterbuy15,https://www.tiktok.com/@betterbuy15/video/7348014878637968673,1710843040,2024-03-19 10:10:40,269800,2271,3200000,Moxie is traumatized,0,moxierobot
😂 #moxierobot #ishowspeed #viral ,betterbuy15,https://www.tiktok.com/@betterbuy15/video/7348014878637968673,1710843040,2024-03-19 10:10:40,269800,2271,3200000,"speed:RIZZ
moxie:side eye💀",0,moxierobot
😂 #moxierobot #ishowspeed #viral ,betterbuy15,https://www.tiktok.com/@betterbuy15/video/7348014878637968673,1710843040,2024-03-19 10:10:40,269800,2271,3200000,That side eye from moxie got me dying,0,moxierobot
😂 #moxierobot #ishowspeed #viral ,betterbuy15,https://www.tiktok.com/@betterbuy15/video/7348014878637968673,1710843040,2024-03-19 10:10:40,269800,2271,3200000,Poor moxie. 😭,0,moxierobot
😂 #moxierobot #ishowspeed #viral ,betterbuy15,https://www.tiktok.com/@betterbuy15/video/7348014878637968673,1710843040,2024-03-19 10:10:40,269800,2271,3200000,Moxie be like 😶,0,moxierobot
😂 #moxierobot #ishowspeed #viral ,betterbuy15,https://www.tiktok.com/@betterbuy15/video/7348014878637968673,1710843040,2024-03-19 10:10:40,269800,2271,3200000,"got friendzoned by a robot ""hi Im moxie Im your robot pal""",0,moxierobot
😂 #moxierobot #ishowspeed #viral ,betterbuy15,https://www.tiktok.com/@betterbuy15/video/7348014878637968673,1710843040,2024-03-19 10:10:40,269800,2271,3200000,Moxie- “id rather be standing on a flat surface”. Me: *woah*,0,moxierobot
😂 #moxierobot #ishowspeed #viral ,betterbuy15,https://www.tiktok.com/@betterbuy15/video/7348014878637968673,1710843040,2024-03-19 10:10:40,269800,2271,3200000,ohhh nooo Moxie blink twice,0,moxierobot
😂 #moxierobot #ishowspeed #viral ,betterbuy15,https://www.tiktok.com/@betterbuy15/video/7348014878637968673,1710843040,2024-03-19 10:10:40,269800,2271,3200000,Moxie looking at us for help 😄,0,moxierobot
😂 #moxierobot #ishowspeed #viral ,betterbuy15,https://www.tiktok.com/@betterbuy15/video/7348014878637968673,1710843040,2024-03-19 10:10:40,269800,2271,3200000,Why is moxie looking at us for help,0,moxierobot
😂 #moxierobot #ishowspeed #viral ,betterbuy15,https://www.tiktok.com/@betterbuy15/video/7348014878637968673,1710843040,2024-03-19 10:10:40,269800,2271,3200000,Even Moxie would choose the bear,0,moxierobot
😂 #moxierobot #ishowspeed #viral ,betterbuy15,https://www.tiktok.com/@betterbuy15/video/7348014878637968673,1710843040,2024-03-19 10:10:40,269800,2271,3200000,If AI ever went evil speed is cooked,0,moxierobot
😂 #moxierobot #ishowspeed #viral ,betterbuy15,https://www.tiktok.com/@betterbuy15/video/7348014878637968673,1710843040,2024-03-19 10:10:40,269800,2271,3200000,IM DYING BRO,0,moxierobot
😂 #moxierobot #ishowspeed #viral ,betterbuy15,https://www.tiktok.com/@betterbuy15/video/7348014878637968673,1710843040,2024-03-19 10:10:40,269800,2271,3200000,”Id rather stand on flat surface”💀💀😂,0,moxierobot
😂 #moxierobot #ishowspeed #viral ,betterbuy15,https://www.tiktok.com/@betterbuy15/video/7348014878637968673,1710843040,2024-03-19 10:10:40,269800,2271,3200000,brooo,0,moxierobot
😂 #moxierobot #ishowspeed #viral ,betterbuy15,https://www.tiktok.com/@betterbuy15/video/7348014878637968673,1710843040,2024-03-19 10:10:40,269800,2271,3200000,I'd rather be on a flat surface,0,moxierobot
😂 #moxierobot #ishowspeed #viral ,betterbuy15,https://www.tiktok.com/@betterbuy15/video/7348014878637968673,1710843040,2024-03-19 10:10:40,269800,2271,3200000,Bro is gunna go crazy,0,moxierobot
😂 #moxierobot #ishowspeed #viral ,betterbuy15,https://www.tiktok.com/@betterbuy15/video/7348014878637968673,1710843040,2024-03-19 10:10:40,269800,2271,3200000,the robot was like help me..,0,moxierobot
😂 #moxierobot #ishowspeed #viral ,betterbuy15,https://www.tiktok.com/@betterbuy15/video/7348014878637968673,1710843040,2024-03-19 10:10:40,269800,2271,3200000,He was at wrestlemania bro,0,moxierobot
😂 #moxierobot #ishowspeed #viral ,betterbuy15,https://www.tiktok.com/@betterbuy15/video/7348014878637968673,1710843040,2024-03-19 10:10:40,269800,2271,3200000,hes got moxi too,0,moxierobot
😂 #moxierobot #ishowspeed #viral ,betterbuy15,https://www.tiktok.com/@betterbuy15/video/7348014878637968673,1710843040,2024-03-19 10:10:40,269800,2271,3200000,😭😭,0,moxierobot
😂 #moxierobot #ishowspeed #viral ,betterbuy15,https://www.tiktok.com/@betterbuy15/video/7348014878637968673,1710843040,2024-03-19 10:10:40,269800,2271,3200000,Hell nah hel nah,0,moxierobot
😂 #moxierobot #ishowspeed #viral ,betterbuy15,https://www.tiktok.com/@betterbuy15/video/7348014878637968673,1710843040,2024-03-19 10:10:40,269800,2271,3200000,No way he’s that desperate bro,0,moxierobot
😂 #moxierobot #ishowspeed #viral ,betterbuy15,https://www.tiktok.com/@betterbuy15/video/7348014878637968673,1710843040,2024-03-19 10:10:40,269800,2271,3200000,How i be wit my Lil Shii when we in da car,0,moxierobot
😂 #moxierobot #ishowspeed #viral ,betterbuy15,https://www.tiktok.com/@betterbuy15/video/7348014878637968673,1710843040,2024-03-19 10:10:40,269800,2271,3200000,bro did the same with that dog robot 💀,0,moxierobot
😂 #moxierobot #ishowspeed #viral ,betterbuy15,https://www.tiktok.com/@betterbuy15/video/7348014878637968673,1710843040,2024-03-19 10:10:40,269800,2271,3200000,Scrolled too long this is weird,0,moxierobot
😂 #moxierobot #ishowspeed #viral ,betterbuy15,https://www.tiktok.com/@betterbuy15/video/7348014878637968673,1710843040,2024-03-19 10:10:40,269800,2271,3200000,The way she looks at the camera 😭😭😭,0,moxierobot
😂 #moxierobot #ishowspeed #viral ,betterbuy15,https://www.tiktok.com/@betterbuy15/video/7348014878637968673,1710843040,2024-03-19 10:10:40,269800,2271,3200000,Bro am I the only one or did you guys not hear what he said at the end “I’ll rather be standing on a flat surface”,0,moxierobot
😂 #moxierobot #ishowspeed #viral ,betterbuy15,https://www.tiktok.com/@betterbuy15/video/7348014878637968673,1710843040,2024-03-19 10:10:40,269800,2271,3200000,I would do the same,0,moxierobot
😂 #moxierobot #ishowspeed #viral ,betterbuy15,https://www.tiktok.com/@betterbuy15/video/7348014878637968673,1710843040,2024-03-19 10:10:40,269800,2271,3200000,Sum seem off * 😭,0,moxierobot
😂 #moxierobot #ishowspeed #viral ,betterbuy15,https://www.tiktok.com/@betterbuy15/video/7348014878637968673,1710843040,2024-03-19 10:10:40,269800,2271,3200000,FREE MY GIRL 💔,0,moxierobot
😂 #moxierobot #ishowspeed #viral ,betterbuy15,https://www.tiktok.com/@betterbuy15/video/7348014878637968673,1710843040,2024-03-19 10:10:40,269800,2271,3200000,IM DYING BRO,0,moxierobot
😂 #moxierobot #ishowspeed #viral ,betterbuy15,https://www.tiktok.com/@betterbuy15/video/7348014878637968673,1710843040,2024-03-19 10:10:40,269800,2271,3200000,Scrolled too long this is weird,0,moxierobot
😂 #moxierobot #ishowspeed #viral ,betterbuy15,https://www.tiktok.com/@betterbuy15/video/7348014878637968673,1710843040,2024-03-19 10:10:40,269800,2271,3200000,THE SIDE EYE TO THE CAMERAAAA,0,moxierobot
😂 #moxierobot #ishowspeed #viral ,betterbuy15,https://www.tiktok.com/@betterbuy15/video/7348014878637968673,1710843040,2024-03-19 10:10:40,269800,2271,3200000,Bro is gunna go crazy,0,moxierobot
😂 #moxierobot #ishowspeed #viral ,betterbuy15,https://www.tiktok.com/@betterbuy15/video/7348014878637968673,1710843040,2024-03-19 10:10:40,269800,2271,3200000,the robot was like help me..,0,moxierobot
😂 #moxierobot #ishowspeed #viral ,betterbuy15,https://www.tiktok.com/@betterbuy15/video/7348014878637968673,1710843040,2024-03-19 10:10:40,269800,2271,3200000,He was at wrestlemania bro,0,moxierobot
😂 #moxierobot #ishowspeed #viral ,betterbuy15,https://www.tiktok.com/@betterbuy15/video/7348014878637968673,1710843040,2024-03-19 10:10:40,269800,2271,3200000,Bro got rizz,0,moxierobot
😂 #moxierobot #ishowspeed #viral ,betterbuy15,https://www.tiktok.com/@betterbuy15/video/7348014878637968673,1710843040,2024-03-19 10:10:40,269800,2271,3200000,hes got moxi too,0,moxierobot
😂 #moxierobot #ishowspeed #viral ,betterbuy15,https://www.tiktok.com/@betterbuy15/video/7348014878637968673,1710843040,2024-03-19 10:10:40,269800,2271,3200000,😭😭,0,moxierobot
😂 #moxierobot #ishowspeed #viral ,betterbuy15,https://www.tiktok.com/@betterbuy15/video/7348014878637968673,1710843040,2024-03-19 10:10:40,269800,2271,3200000,Hell nah hel nah,0,moxierobot
😂 #moxierobot #ishowspeed #viral ,betterbuy15,https://www.tiktok.com/@betterbuy15/video/7348014878637968673,1710843040,2024-03-19 10:10:40,269800,2271,3200000,No way he’s that desperate bro,0,moxierobot
😂 #moxierobot #ishowspeed #viral ,betterbuy15,https://www.tiktok.com/@betterbuy15/video/7348014878637968673,1710843040,2024-03-19 10:10:40,269800,2271,3200000,How i be wit my Lil Shii when we in da car,0,moxierobot
😂 #moxierobot #ishowspeed #viral ,betterbuy15,https://www.tiktok.com/@betterbuy15/video/7348014878637968673,1710843040,2024-03-19 10:10:40,269800,2271,3200000,bro did the same with that dog robot 💀,0,moxierobot
😂 #moxierobot #ishowspeed #viral ,betterbuy15,https://www.tiktok.com/@betterbuy15/video/7348014878637968673,1710843040,2024-03-19 10:10:40,269800,2271,3200000,The way she looks at the camera 😭😭😭,0,moxierobot
😂 #moxierobot #ishowspeed #viral ,betterbuy15,https://www.tiktok.com/@betterbuy15/video/7348014878637968673,1710843040,2024-03-19 10:10:40,269800,2271,3200000,Bro am I the only one or did you guys not hear what he said at the end “I’ll rather be standing on a flat surface”,0,moxierobot
😂 #moxierobot #ishowspeed #viral ,betterbuy15,https://www.tiktok.com/@betterbuy15/video/7348014878637968673,1710843040,2024-03-19 10:10:40,269800,2271,3200000,I would do the same,0,moxierobot
😂 #moxierobot #ishowspeed #viral ,betterbuy15,https://www.tiktok.com/@betterbuy15/video/7348014878637968673,1710843040,2024-03-19 10:10:40,269800,2271,3200000,Sum seem off * 😭,0,moxierobot
😂 #moxierobot #ishowspeed #viral ,betterbuy15,https://www.tiktok.com/@betterbuy15/video/7348014878637968673,1710843040,2024-03-19 10:10:40,269800,2271,3200000,she looking at us like we can help 😭😭,0,moxierobot
😂 #moxierobot #ishowspeed #viral ,betterbuy15,https://www.tiktok.com/@betterbuy15/video/7348014878637968673,1710843040,2024-03-19 10:10:40,269800,2271,3200000,FREE MY GIRL 💔,0,moxierobot
😂 #moxierobot #ishowspeed #viral ,betterbuy15,https://www.tiktok.com/@betterbuy15/video/7348014878637968673,1710843040,2024-03-19 10:10:40,269800,2271,3200000,IM DYING BRO,0,moxierobot
😂 #moxierobot #ishowspeed #viral ,betterbuy15,https://www.tiktok.com/@betterbuy15/video/7348014878637968673,1710843040,2024-03-19 10:10:40,269800,2271,3200000,Bro am I the only one or did you guys not hear what he said at the end “I’ll rather be standing on a flat surface”,0,moxierobot
😂 #moxierobot #ishowspeed #viral ,betterbuy15,https://www.tiktok.com/@betterbuy15/video/7348014878637968673,1710843040,2024-03-19 10:10:40,269800,2271,3200000,😁😁😁,0,moxierobot
😂 #moxierobot #ishowspeed #viral ,betterbuy15,https://www.tiktok.com/@betterbuy15/video/7348014878637968673,1710843040,2024-03-19 10:10:40,269800,2271,3200000,I would do the same,0,moxierobot
😂 #moxierobot #ishowspeed #viral ,betterbuy15,https://www.tiktok.com/@betterbuy15/video/7348014878637968673,1710843040,2024-03-19 10:10:40,269800,2271,3200000,Sum seem off * 😭,0,moxierobot
😂 #moxierobot #ishowspeed #viral ,betterbuy15,https://www.tiktok.com/@betterbuy15/video/7348014878637968673,1710843040,2024-03-19 10:10:40,269800,2271,3200000,FREE MY GIRL 💔,0,moxierobot
😂 #moxierobot #ishowspeed #viral ,betterbuy15,https://www.tiktok.com/@betterbuy15/video/7348014878637968673,1710843040,2024-03-19 10:10:40,269800,2271,3200000,naaaahhhhhhh🤣🤣🤣🤣🤣🤣🤣 something seems off,0,moxierobot
😂 #moxierobot #ishowspeed #viral ,betterbuy15,https://www.tiktok.com/@betterbuy15/video/7348014878637968673,1710843040,2024-03-19 10:10:40,269800,2271,3200000,😂😂😂😂💀,0,moxierobot
😂 #moxierobot #ishowspeed #viral ,betterbuy15,https://www.tiktok.com/@betterbuy15/video/7348014878637968673,1710843040,2024-03-19 10:10:40,269800,2271,3200000,😭😭😭,0,moxierobot
😂 #moxierobot #ishowspeed #viral ,betterbuy15,https://www.tiktok.com/@betterbuy15/video/7348014878637968673,1710843040,2024-03-19 10:10:40,269800,2271,3200000,😳😳😳😳,0,moxierobot
😂 #moxierobot #ishowspeed #viral ,betterbuy15,https://www.tiktok.com/@betterbuy15/video/7348014878637968673,1710843040,2024-03-19 10:10:40,269800,2271,3200000,The way it’s side eyeing him then looking at the camera for help😭🙏🏻,0,moxierobot
😂 #moxierobot #ishowspeed #viral ,betterbuy15,https://www.tiktok.com/@betterbuy15/video/7348014878637968673,1710843040,2024-03-19 10:10:40,269800,2271,3200000,something feel off 😭,0,moxierobot
😂 #moxierobot #ishowspeed #viral ,betterbuy15,https://www.tiktok.com/@betterbuy15/video/7348014878637968673,1710843040,2024-03-19 10:10:40,269800,2271,3200000,bro over here😭 traumatizing robots to,0,moxierobot
😂 #moxierobot #ishowspeed #viral ,betterbuy15,https://www.tiktok.com/@betterbuy15/video/7348014878637968673,1710843040,2024-03-19 10:10:40,269800,2271,3200000,“ILL RATHER BE STANDING ON A FLAT SURFACE” got me dying😭,0,moxierobot
😂 #moxierobot #ishowspeed #viral ,betterbuy15,https://www.tiktok.com/@betterbuy15/video/7348014878637968673,1710843040,2024-03-19 10:10:40,269800,2271,3200000,😂😂😂😂,0,moxierobot
😂 #moxierobot #ishowspeed #viral ,betterbuy15,https://www.tiktok.com/@betterbuy15/video/7348014878637968673,1710843040,2024-03-19 10:10:40,269800,2271,3200000,i love this 🤣🤣,0,moxierobot
😂 #moxierobot #ishowspeed #viral ,betterbuy15,https://www.tiktok.com/@betterbuy15/video/7348014878637968673,1710843040,2024-03-19 10:10:40,269800,2271,3200000,💀💀💀💀,0,moxierobot
😂 #moxierobot #ishowspeed #viral ,betterbuy15,https://www.tiktok.com/@betterbuy15/video/7348014878637968673,1710843040,2024-03-19 10:10:40,269800,2271,3200000,bro give the side eye ans i got scared😭💀,0,moxierobot
😂 #moxierobot #ishowspeed #viral ,betterbuy15,https://www.tiktok.com/@betterbuy15/video/7348014878637968673,1710843040,2024-03-19 10:10:40,269800,2271,3200000,me on call with my bsf,0,moxierobot
😂 #moxierobot #ishowspeed #viral ,betterbuy15,https://www.tiktok.com/@betterbuy15/video/7348014878637968673,1710843040,2024-03-19 10:10:40,269800,2271,3200000,😳😳😳😳 disturbed 😳,0,moxierobot
😂 #moxierobot #ishowspeed #viral ,betterbuy15,https://www.tiktok.com/@betterbuy15/video/7348014878637968673,1710843040,2024-03-19 10:10:40,269800,2271,3200000,IM DYING BRO,0,moxierobot
😂 #moxierobot #ishowspeed #viral ,betterbuy15,https://www.tiktok.com/@betterbuy15/video/7348014878637968673,1710843040,2024-03-19 10:10:40,269800,2271,3200000,She looked at us like we could help 😂💀,0,moxierobot
😂 #moxierobot #ishowspeed #viral ,betterbuy15,https://www.tiktok.com/@betterbuy15/video/7348014878637968673,1710843040,2024-03-19 10:10:40,269800,2271,3200000,"something seems off ""that's what they all say😏""",0,moxierobot
😂 #moxierobot #ishowspeed #viral ,betterbuy15,https://www.tiktok.com/@betterbuy15/video/7348014878637968673,1710843040,2024-03-19 10:10:40,269800,2271,3200000,Um what is happening,0,moxierobot
😂 #moxierobot #ishowspeed #viral ,betterbuy15,https://www.tiktok.com/@betterbuy15/video/7348014878637968673,1710843040,2024-03-19 10:10:40,269800,2271,3200000,😭😭😭,0,moxierobot
😂 #moxierobot #ishowspeed #viral ,betterbuy15,https://www.tiktok.com/@betterbuy15/video/7348014878637968673,1710843040,2024-03-19 10:10:40,269800,2271,3200000,😭😭😭,0,moxierobot
😂 #moxierobot #ishowspeed #viral ,betterbuy15,https://www.tiktok.com/@betterbuy15/video/7348014878637968673,1710843040,2024-03-19 10:10:40,269800,2271,3200000,me on call with my bsf,0,moxierobot
😂 #moxierobot #ishowspeed #viral ,betterbuy15,https://www.tiktok.com/@betterbuy15/video/7348014878637968673,1710843040,2024-03-19 10:10:40,269800,2271,3200000,😳😳😳😳,0,moxierobot
😂 #moxierobot #ishowspeed #viral ,betterbuy15,https://www.tiktok.com/@betterbuy15/video/7348014878637968673,1710843040,2024-03-19 10:10:40,269800,2271,3200000,The way it’s side eyeing him then looking at the camera for help😭🙏🏻,0,moxierobot
😂 #moxierobot #ishowspeed #viral ,betterbuy15,https://www.tiktok.com/@betterbuy15/video/7348014878637968673,1710843040,2024-03-19 10:10:40,269800,2271,3200000,something feel off 😭,0,moxierobot
😂 #moxierobot #ishowspeed #viral ,betterbuy15,https://www.tiktok.com/@betterbuy15/video/7348014878637968673,1710843040,2024-03-19 10:10:40,269800,2271,3200000,Don’t show amy this 🤣,0,moxierobot
😂 #moxierobot #ishowspeed #viral ,betterbuy15,https://www.tiktok.com/@betterbuy15/video/7348014878637968673,1710843040,2024-03-19 10:10:40,269800,2271,3200000,bro over here😭 traumatizing robots to,0,moxierobot
😂 #moxierobot #ishowspeed #viral ,betterbuy15,https://www.tiktok.com/@betterbuy15/video/7348014878637968673,1710843040,2024-03-19 10:10:40,269800,2271,3200000,“ILL RATHER BE STANDING ON A FLAT SURFACE” got me dying😭,0,moxierobot
😂 #moxierobot #ishowspeed #viral ,betterbuy15,https://www.tiktok.com/@betterbuy15/video/7348014878637968673,1710843040,2024-03-19 10:10:40,269800,2271,3200000,😂😂😂😂,0,moxierobot
😂 #moxierobot #ishowspeed #viral ,betterbuy15,https://www.tiktok.com/@betterbuy15/video/7348014878637968673,1710843040,2024-03-19 10:10:40,269800,2271,3200000,i cnt w speed😭,0,moxierobot
😂 #moxierobot #ishowspeed #viral ,betterbuy15,https://www.tiktok.com/@betterbuy15/video/7348014878637968673,1710843040,2024-03-19 10:10:40,269800,2271,3200000,i love this 🤣🤣,0,moxierobot
😂 #moxierobot #ishowspeed #viral ,betterbuy15,https://www.tiktok.com/@betterbuy15/video/7348014878637968673,1710843040,2024-03-19 10:10:40,269800,2271,3200000,💀💀💀💀,0,moxierobot
😂 #moxierobot #ishowspeed #viral ,betterbuy15,https://www.tiktok.com/@betterbuy15/video/7348014878637968673,1710843040,2024-03-19 10:10:40,269800,2271,3200000,bro give the side eye ans i got scared😭💀,0,moxierobot
😂 #moxierobot #ishowspeed #viral ,betterbuy15,https://www.tiktok.com/@betterbuy15/video/7348014878637968673,1710843040,2024-03-19 10:10:40,269800,2271,3200000,"If anyone mentions c.ai about this, I am done",0,moxierobot
😂 #moxierobot #ishowspeed #viral ,betterbuy15,https://www.tiktok.com/@betterbuy15/video/7348014878637968673,1710843040,2024-03-19 10:10:40,269800,2271,3200000,😳😳😳😳 disturbed 😳,0,moxierobot
😂 #moxierobot #ishowspeed #viral ,betterbuy15,https://www.tiktok.com/@betterbuy15/video/7348014878637968673,1710843040,2024-03-19 10:10:40,269800,2271,3200000,IM DYING BRO,0,moxierobot
😂 #moxierobot #ishowspeed #viral ,betterbuy15,https://www.tiktok.com/@betterbuy15/video/7348014878637968673,1710843040,2024-03-19 10:10:40,269800,2271,3200000,something feel off 😭,0,moxierobot
😂 #moxierobot #ishowspeed #viral ,betterbuy15,https://www.tiktok.com/@betterbuy15/video/7348014878637968673,1710843040,2024-03-19 10:10:40,269800,2271,3200000,"Bro, what the hell? What the hell is going on here?",0,moxierobot
😂 #moxierobot #ishowspeed #viral ,betterbuy15,https://www.tiktok.com/@betterbuy15/video/7348014878637968673,1710843040,2024-03-19 10:10:40,269800,2271,3200000,bro over here😭 traumatizing robots to,0,moxierobot
😂 #moxierobot #ishowspeed #viral ,betterbuy15,https://www.tiktok.com/@betterbuy15/video/7348014878637968673,1710843040,2024-03-19 10:10:40,269800,2271,3200000,bro really wanted an e kitten 💀🙏,0,moxierobot
😂 #moxierobot #ishowspeed #viral ,betterbuy15,https://www.tiktok.com/@betterbuy15/video/7348014878637968673,1710843040,2024-03-19 10:10:40,269800,2271,3200000,"""a FLAT"" surface 💀😭",0,moxierobot
😂 #moxierobot #ishowspeed #viral ,betterbuy15,https://www.tiktok.com/@betterbuy15/video/7348014878637968673,1710843040,2024-03-19 10:10:40,269800,2271,3200000,“ILL RATHER BE STANDING ON A FLAT SURFACE” got me dying😭,0,moxierobot
😂 #moxierobot #ishowspeed #viral ,betterbuy15,https://www.tiktok.com/@betterbuy15/video/7348014878637968673,1710843040,2024-03-19 10:10:40,269800,2271,3200000,😂😂😂😂,0,moxierobot
😂 #moxierobot #ishowspeed #viral ,betterbuy15,https://www.tiktok.com/@betterbuy15/video/7348014878637968673,1710843040,2024-03-19 10:10:40,269800,2271,3200000,🤣🤣🤣 the way he went 👤😗,0,moxierobot
😂 #moxierobot #ishowspeed #viral ,betterbuy15,https://www.tiktok.com/@betterbuy15/video/7348014878637968673,1710843040,2024-03-19 10:10:40,269800,2271,3200000,Sicko,0,moxierobot
😂 #moxierobot #ishowspeed #viral ,betterbuy15,https://www.tiktok.com/@betterbuy15/video/7348014878637968673,1710843040,2024-03-19 10:10:40,269800,2271,3200000,i love this 🤣🤣,0,moxierobot
😂 #moxierobot #ishowspeed #viral ,betterbuy15,https://www.tiktok.com/@betterbuy15/video/7348014878637968673,1710843040,2024-03-19 10:10:40,269800,2271,3200000,Thats what they all say 😂😂😂,0,moxierobot
😂 #moxierobot #ishowspeed #viral ,betterbuy15,https://www.tiktok.com/@betterbuy15/video/7348014878637968673,1710843040,2024-03-19 10:10:40,269800,2271,3200000,If you can ÆÆ,0,moxierobot
😂 #moxierobot #ishowspeed #viral ,betterbuy15,https://www.tiktok.com/@betterbuy15/video/7348014878637968673,1710843040,2024-03-19 10:10:40,269800,2271,3200000,The look at the camera 😂😂,0,moxierobot
😂 #moxierobot #ishowspeed #viral ,betterbuy15,https://www.tiktok.com/@betterbuy15/video/7348014878637968673,1710843040,2024-03-19 10:10:40,269800,2271,3200000,💀💀💀💀,0,moxierobot
😂 #moxierobot #ishowspeed #viral ,betterbuy15,https://www.tiktok.com/@betterbuy15/video/7348014878637968673,1710843040,2024-03-19 10:10:40,269800,2271,3200000,bro give the side eye ans i got scared😭💀,0,moxierobot
😂 #moxierobot #ishowspeed #viral ,betterbuy15,https://www.tiktok.com/@betterbuy15/video/7348014878637968673,1710843040,2024-03-19 10:10:40,269800,2271,3200000,Him with robots😭,0,moxierobot
😂 #moxierobot #ishowspeed #viral ,betterbuy15,https://www.tiktok.com/@betterbuy15/video/7348014878637968673,1710843040,2024-03-19 10:10:40,269800,2271,3200000,Id rather stay on a flat surface 💀,0,moxierobot
😂 #moxierobot #ishowspeed #viral ,betterbuy15,https://www.tiktok.com/@betterbuy15/video/7348014878637968673,1710843040,2024-03-19 10:10:40,269800,2271,3200000,😳😳😳😳 disturbed 😳,0,moxierobot
😂 #moxierobot #ishowspeed #viral ,betterbuy15,https://www.tiktok.com/@betterbuy15/video/7348014878637968673,1710843040,2024-03-19 10:10:40,269800,2271,3200000,IM DYING BRO,0,moxierobot
😂 #moxierobot #ishowspeed #viral ,betterbuy15,https://www.tiktok.com/@betterbuy15/video/7348014878637968673,1710843040,2024-03-19 10:10:40,269800,2271,3200000,Naaa buddy’s cooked,0,moxierobot
😂 #moxierobot #ishowspeed #viral ,betterbuy15,https://www.tiktok.com/@betterbuy15/video/7348014878637968673,1710843040,2024-03-19 10:10:40,269800,2271,3200000,Be so for real. 😂,0,moxierobot
😂 #moxierobot #ishowspeed #viral ,betterbuy15,https://www.tiktok.com/@betterbuy15/video/7348014878637968673,1710843040,2024-03-19 10:10:40,269800,2271,3200000,The way it’s side eyeing him then looking at the camera for help😭🙏🏻,0,moxierobot
😂 #moxierobot #ishowspeed #viral ,betterbuy15,https://www.tiktok.com/@betterbuy15/video/7348014878637968673,1710843040,2024-03-19 10:10:40,269800,2271,3200000,something feel off 😭,0,moxierobot
😂 #moxierobot #ishowspeed #viral ,betterbuy15,https://www.tiktok.com/@betterbuy15/video/7348014878637968673,1710843040,2024-03-19 10:10:40,269800,2271,3200000,The robot needs help,0,moxierobot
😂 #moxierobot #ishowspeed #viral ,betterbuy15,https://www.tiktok.com/@betterbuy15/video/7348014878637968673,1710843040,2024-03-19 10:10:40,269800,2271,3200000,She like paused saying “your robot pal” 😭😭,0,moxierobot
😂 #moxierobot #ishowspeed #viral ,betterbuy15,https://www.tiktok.com/@betterbuy15/video/7348014878637968673,1710843040,2024-03-19 10:10:40,269800,2271,3200000,bro over here😭 traumatizing robots to,0,moxierobot
😂 #moxierobot #ishowspeed #viral ,betterbuy15,https://www.tiktok.com/@betterbuy15/video/7348014878637968673,1710843040,2024-03-19 10:10:40,269800,2271,3200000,”Her” movie summarized in 30 seconds,0,moxierobot
😂 #moxierobot #ishowspeed #viral ,betterbuy15,https://www.tiktok.com/@betterbuy15/video/7348014878637968673,1710843040,2024-03-19 10:10:40,269800,2271,3200000,That’s a robot 💀💀💀,0,moxierobot
😂 #moxierobot #ishowspeed #viral ,betterbuy15,https://www.tiktok.com/@betterbuy15/video/7348014878637968673,1710843040,2024-03-19 10:10:40,269800,2271,3200000,The side eye 😭,0,moxierobot
😂 #moxierobot #ishowspeed #viral ,betterbuy15,https://www.tiktok.com/@betterbuy15/video/7348014878637968673,1710843040,2024-03-19 10:10:40,269800,2271,3200000,“ILL RATHER BE STANDING ON A FLAT SURFACE” got me dying😭,0,moxierobot
😂 #moxierobot #ishowspeed #viral ,betterbuy15,https://www.tiktok.com/@betterbuy15/video/7348014878637968673,1710843040,2024-03-19 10:10:40,269800,2271,3200000,😂😂😂😂,0,moxierobot
😂 #moxierobot #ishowspeed #viral ,betterbuy15,https://www.tiktok.com/@betterbuy15/video/7348014878637968673,1710843040,2024-03-19 10:10:40,269800,2271,3200000,i love this 🤣🤣,0,moxierobot
😂 #moxierobot #ishowspeed #viral ,betterbuy15,https://www.tiktok.com/@betterbuy15/video/7348014878637968673,1710843040,2024-03-19 10:10:40,269800,2271,3200000,💀💀💀💀,0,moxierobot
😂 #moxierobot #ishowspeed #viral ,betterbuy15,https://www.tiktok.com/@betterbuy15/video/7348014878637968673,1710843040,2024-03-19 10:10:40,269800,2271,3200000,bro give the side eye ans i got scared😭💀,0,moxierobot
😂 #moxierobot #ishowspeed #viral ,betterbuy15,https://www.tiktok.com/@betterbuy15/video/7348014878637968673,1710843040,2024-03-19 10:10:40,269800,2271,3200000,😳,0,moxierobot
😂 #moxierobot #ishowspeed #viral ,betterbuy15,https://www.tiktok.com/@betterbuy15/video/7348014878637968673,1710843040,2024-03-19 10:10:40,269800,2271,3200000,Thats what they all say💀,0,moxierobot
😂 #moxierobot #ishowspeed #viral ,betterbuy15,https://www.tiktok.com/@betterbuy15/video/7348014878637968673,1710843040,2024-03-19 10:10:40,269800,2271,3200000,😳😳😳😳 disturbed 😳,0,moxierobot
😂 #moxierobot #ishowspeed #viral ,betterbuy15,https://www.tiktok.com/@betterbuy15/video/7348014878637968673,1710843040,2024-03-19 10:10:40,269800,2271,3200000,IM DYING BRO,0,moxierobot
This is how Moxie introduces herself when she first arrives! #moxierobot #socialemotionaldevelopment #playbasedlearning ,moxierobot,https://www.tiktok.com/@moxierobot/video/7343436314307611950,1709777014,2024-03-07 02:03:34,147500,2052,3300000,does anyone know the name of the episode in Black Mirror???,19,moxierobot
This is how Moxie introduces herself when she first arrives! #moxierobot #socialemotionaldevelopment #playbasedlearning ,moxierobot,https://www.tiktok.com/@moxierobot/video/7343436314307611950,1709777014,2024-03-07 02:03:34,147500,2052,3300000,I'm gonna wait till they can do housework 🤣🤣,205,moxierobot
This is how Moxie introduces herself when she first arrives! #moxierobot #socialemotionaldevelopment #playbasedlearning ,moxierobot,https://www.tiktok.com/@moxierobot/video/7343436314307611950,1709777014,2024-03-07 02:03:34,147500,2052,3300000,He speaks in Portuguese.,16,moxierobot
This is how Moxie introduces herself when she first arrives! #moxierobot #socialemotionaldevelopment #playbasedlearning ,moxierobot,https://www.tiktok.com/@moxierobot/video/7343436314307611950,1709777014,2024-03-07 02:03:34,147500,2052,3300000,paimon?,4,moxierobot
This is how Moxie introduces herself when she first arrives! #moxierobot #socialemotionaldevelopment #playbasedlearning ,moxierobot,https://www.tiktok.com/@moxierobot/video/7343436314307611950,1709777014,2024-03-07 02:03:34,147500,2052,3300000,I want one,7,moxierobot
This is how Moxie introduces herself when she first arrives! #moxierobot #socialemotionaldevelopment #playbasedlearning ,moxierobot,https://www.tiktok.com/@moxierobot/video/7343436314307611950,1709777014,2024-03-07 02:03:34,147500,2052,3300000,😂😂😂,2,moxierobot
This is how Moxie introduces herself when she first arrives! #moxierobot #socialemotionaldevelopment #playbasedlearning ,moxierobot,https://www.tiktok.com/@moxierobot/video/7343436314307611950,1709777014,2024-03-07 02:03:34,147500,2052,3300000,Cute!,7,moxierobot
This is how Moxie introduces herself when she first arrives! #moxierobot #socialemotionaldevelopment #playbasedlearning ,moxierobot,https://www.tiktok.com/@moxierobot/video/7343436314307611950,1709777014,2024-03-07 02:03:34,147500,2052,3300000,Is this a movie ?!,11,moxierobot
This is how Moxie introduces herself when she first arrives! #moxierobot #socialemotionaldevelopment #playbasedlearning ,moxierobot,https://www.tiktok.com/@moxierobot/video/7343436314307611950,1709777014,2024-03-07 02:03:34,147500,2052,3300000,"My daughter would absolutely love this as she’s an only child with autism, it’s amazing how you can create such a thing",8,moxierobot
This is how Moxie introduces herself when she first arrives! #moxierobot #socialemotionaldevelopment #playbasedlearning ,moxierobot,https://www.tiktok.com/@moxierobot/video/7343436314307611950,1709777014,2024-03-07 02:03:34,147500,2052,3300000,Bro I remember about what ishowspeeddid,4,moxierobot
This is how Moxie introduces herself when she first arrives! #moxierobot #socialemotionaldevelopment #playbasedlearning ,moxierobot,https://www.tiktok.com/@moxierobot/video/7343436314307611950,1709777014,2024-03-07 02:03:34,147500,2052,3300000,😃😃😃,2,moxierobot
This is how Moxie introduces herself when she first arrives! #moxierobot #socialemotionaldevelopment #playbasedlearning ,moxierobot,https://www.tiktok.com/@moxierobot/video/7343436314307611950,1709777014,2024-03-07 02:03:34,147500,2052,3300000,$799,2,moxierobot
This is how Moxie introduces herself when she first arrives! #moxierobot #socialemotionaldevelopment #playbasedlearning ,moxierobot,https://www.tiktok.com/@moxierobot/video/7343436314307611950,1709777014,2024-03-07 02:03:34,147500,2052,3300000,it's crazy how easy the average human is tricked.,2,moxierobot
This is how Moxie introduces herself when she first arrives! #moxierobot #socialemotionaldevelopment #playbasedlearning ,moxierobot,https://www.tiktok.com/@moxierobot/video/7343436314307611950,1709777014,2024-03-07 02:03:34,147500,2052,3300000,My mums company almost got one of these for reasons I have no clue of,1,moxierobot
This is how Moxie introduces herself when she first arrives! #moxierobot #socialemotionaldevelopment #playbasedlearning ,moxierobot,https://www.tiktok.com/@moxierobot/video/7343436314307611950,1709777014,2024-03-07 02:03:34,147500,2052,3300000,🤗🤗🤗🤗🤗🤗🤗🤗🤗🤗🤗🤗🤗,0,moxierobot
This is how Moxie introduces herself when she first arrives! #moxierobot #socialemotionaldevelopment #playbasedlearning ,moxierobot,https://www.tiktok.com/@moxierobot/video/7343436314307611950,1709777014,2024-03-07 02:03:34,147500,2052,3300000,Pretty sure this is the start of a black mirror episode,4,moxierobot
This is how Moxie introduces herself when she first arrives! #moxierobot #socialemotionaldevelopment #playbasedlearning ,moxierobot,https://www.tiktok.com/@moxierobot/video/7343436314307611950,1709777014,2024-03-07 02:03:34,147500,2052,3300000,wow she is so cute🥰🥰,1,moxierobot
This is how Moxie introduces herself when she first arrives! #moxierobot #socialemotionaldevelopment #playbasedlearning ,moxierobot,https://www.tiktok.com/@moxierobot/video/7343436314307611950,1709777014,2024-03-07 02:03:34,147500,2052,3300000,can we ask moxie to play music? or search on google?,6,moxierobot
This is how Moxie introduces herself when she first arrives! #moxierobot #socialemotionaldevelopment #playbasedlearning ,moxierobot,https://www.tiktok.com/@moxierobot/video/7343436314307611950,1709777014,2024-03-07 02:03:34,147500,2052,3300000,Anyone watched Black Mirror…..that’s a hard no for me😂😂😂,41,moxierobot
This is how Moxie introduces herself when she first arrives! #moxierobot #socialemotionaldevelopment #playbasedlearning ,moxierobot,https://www.tiktok.com/@moxierobot/video/7343436314307611950,1709777014,2024-03-07 02:03:34,147500,2052,3300000,Only English or he speaks other languages ?,0,moxierobot
This is how Moxie introduces herself when she first arrives! #moxierobot #socialemotionaldevelopment #playbasedlearning ,moxierobot,https://www.tiktok.com/@moxierobot/video/7343436314307611950,1709777014,2024-03-07 02:03:34,147500,2052,3300000,paimon?,4,moxierobot
This is how Moxie introduces herself when she first arrives! #moxierobot #socialemotionaldevelopment #playbasedlearning ,moxierobot,https://www.tiktok.com/@moxierobot/video/7343436314307611950,1709777014,2024-03-07 02:03:34,147500,2052,3300000,🥰🥰,1,moxierobot
This is how Moxie introduces herself when she first arrives! #moxierobot #socialemotionaldevelopment #playbasedlearning ,moxierobot,https://www.tiktok.com/@moxierobot/video/7343436314307611950,1709777014,2024-03-07 02:03:34,147500,2052,3300000,wow she is so cute🥰🥰,1,moxierobot
This is how Moxie introduces herself when she first arrives! #moxierobot #socialemotionaldevelopment #playbasedlearning ,moxierobot,https://www.tiktok.com/@moxierobot/video/7343436314307611950,1709777014,2024-03-07 02:03:34,147500,2052,3300000,😂😂it looks soooo realistic,1,moxierobot
This is how Moxie introduces herself when she first arrives! #moxierobot #socialemotionaldevelopment #playbasedlearning ,moxierobot,https://www.tiktok.com/@moxierobot/video/7343436314307611950,1709777014,2024-03-07 02:03:34,147500,2052,3300000,You called? I’m awake bro.,2,moxierobot
This is how Moxie introduces herself when she first arrives! #moxierobot #socialemotionaldevelopment #playbasedlearning ,moxierobot,https://www.tiktok.com/@moxierobot/video/7343436314307611950,1709777014,2024-03-07 02:03:34,147500,2052,3300000,Pretty sure this is the start of a black mirror episode,4,moxierobot
This is how Moxie introduces herself when she first arrives! #moxierobot #socialemotionaldevelopment #playbasedlearning ,moxierobot,https://www.tiktok.com/@moxierobot/video/7343436314307611950,1709777014,2024-03-07 02:03:34,147500,2052,3300000,I wanted one please 🙏,1,moxierobot
This is how Moxie introduces herself when she first arrives! #moxierobot #socialemotionaldevelopment #playbasedlearning ,moxierobot,https://www.tiktok.com/@moxierobot/video/7343436314307611950,1709777014,2024-03-07 02:03:34,147500,2052,3300000,My mums company almost got one of these for reasons I have no clue of,1,moxierobot
This is how Moxie introduces herself when she first arrives! #moxierobot #socialemotionaldevelopment #playbasedlearning ,moxierobot,https://www.tiktok.com/@moxierobot/video/7343436314307611950,1709777014,2024-03-07 02:03:34,147500,2052,3300000,this like real life cartoon.,1,moxierobot
This is how Moxie introduces herself when she first arrives! #moxierobot #socialemotionaldevelopment #playbasedlearning ,moxierobot,https://www.tiktok.com/@moxierobot/video/7343436314307611950,1709777014,2024-03-07 02:03:34,147500,2052,3300000,Just adorable little thing 😍🤗🙏,1,moxierobot
This is how Moxie introduces herself when she first arrives! #moxierobot #socialemotionaldevelopment #playbasedlearning ,moxierobot,https://www.tiktok.com/@moxierobot/video/7343436314307611950,1709777014,2024-03-07 02:03:34,147500,2052,3300000,Feels like baymax,1,moxierobot
This is how Moxie introduces herself when she first arrives! #moxierobot #socialemotionaldevelopment #playbasedlearning ,moxierobot,https://www.tiktok.com/@moxierobot/video/7343436314307611950,1709777014,2024-03-07 02:03:34,147500,2052,3300000,Hi moxie 😍😍😍❤️❤️❤️,2,moxierobot
This is how Moxie introduces herself when she first arrives! #moxierobot #socialemotionaldevelopment #playbasedlearning ,moxierobot,https://www.tiktok.com/@moxierobot/video/7343436314307611950,1709777014,2024-03-07 02:03:34,147500,2052,3300000,Moxie socks.,1,moxierobot
This is how Moxie introduces herself when she first arrives! #moxierobot #socialemotionaldevelopment #playbasedlearning ,moxierobot,https://www.tiktok.com/@moxierobot/video/7343436314307611950,1709777014,2024-03-07 02:03:34,147500,2052,3300000,Anyone watched Black Mirror…..that’s a hard no for me😂😂😂,1,moxierobot
This is how Moxie introduces herself when she first arrives! #moxierobot #socialemotionaldevelopment #playbasedlearning ,moxierobot,https://www.tiktok.com/@moxierobot/video/7343436314307611950,1709777014,2024-03-07 02:03:34,147500,2052,3300000,Is this Earth?,1,moxierobot
This is how Moxie introduces herself when she first arrives! #moxierobot #socialemotionaldevelopment #playbasedlearning ,moxierobot,https://www.tiktok.com/@moxierobot/video/7343436314307611950,1709777014,2024-03-07 02:03:34,147500,2052,3300000,He speak french ?,1,moxierobot
This is how Moxie introduces herself when she first arrives! #moxierobot #socialemotionaldevelopment #playbasedlearning ,moxierobot,https://www.tiktok.com/@moxierobot/video/7343436314307611950,1709777014,2024-03-07 02:03:34,147500,2052,3300000,wow she is so cute,1,moxierobot
This is how Moxie introduces herself when she first arrives! #moxierobot #socialemotionaldevelopment #playbasedlearning ,moxierobot,https://www.tiktok.com/@moxierobot/video/7343436314307611950,1709777014,2024-03-07 02:03:34,147500,2052,3300000,what does she do?,1,moxierobot
This is how Moxie introduces herself when she first arrives! #moxierobot #socialemotionaldevelopment #playbasedlearning ,moxierobot,https://www.tiktok.com/@moxierobot/video/7343436314307611950,1709777014,2024-03-07 02:03:34,147500,2052,3300000,Is it is south Africa and what is the cost on it,1,moxierobot
This is how Moxie introduces herself when she first arrives! #moxierobot #socialemotionaldevelopment #playbasedlearning ,moxierobot,https://www.tiktok.com/@moxierobot/video/7343436314307611950,1709777014,2024-03-07 02:03:34,147500,2052,3300000,I want that Moxie too!🥰🥰,1,moxierobot
This is how Moxie introduces herself when she first arrives! #moxierobot #socialemotionaldevelopment #playbasedlearning ,moxierobot,https://www.tiktok.com/@moxierobot/video/7343436314307611950,1709777014,2024-03-07 02:03:34,147500,2052,3300000,"So Moxie is R10 500, Yhoo and I’d have loved one for my shy son.",1,moxierobot
This is how Moxie introduces herself when she first arrives! #moxierobot #socialemotionaldevelopment #playbasedlearning ,moxierobot,https://www.tiktok.com/@moxierobot/video/7343436314307611950,1709777014,2024-03-07 02:03:34,147500,2052,3300000,price ??,2,moxierobot
This is how Moxie introduces herself when she first arrives! #moxierobot #socialemotionaldevelopment #playbasedlearning ,moxierobot,https://www.tiktok.com/@moxierobot/video/7343436314307611950,1709777014,2024-03-07 02:03:34,147500,2052,3300000,I want it for me 🤩🤩🤩,0,moxierobot
This is how Moxie introduces herself when she first arrives! #moxierobot #socialemotionaldevelopment #playbasedlearning ,moxierobot,https://www.tiktok.com/@moxierobot/video/7343436314307611950,1709777014,2024-03-07 02:03:34,147500,2052,3300000,could it be spy for other country?,0,moxierobot
This is how Moxie introduces herself when she first arrives! #moxierobot #socialemotionaldevelopment #playbasedlearning ,moxierobot,https://www.tiktok.com/@moxierobot/video/7343436314307611950,1709777014,2024-03-07 02:03:34,147500,2052,3300000,Awww I have a Labrador called Moxie after Jon Moxie AEW 🥰,0,moxierobot
This is how Moxie introduces herself when she first arrives! #moxierobot #socialemotionaldevelopment #playbasedlearning ,moxierobot,https://www.tiktok.com/@moxierobot/video/7343436314307611950,1709777014,2024-03-07 02:03:34,147500,2052,3300000,😳is that made in china or US?,0,moxierobot
This is how Moxie introduces herself when she first arrives! #moxierobot #socialemotionaldevelopment #playbasedlearning ,moxierobot,https://www.tiktok.com/@moxierobot/video/7343436314307611950,1709777014,2024-03-07 02:03:34,147500,2052,3300000,😂😂😂,0,moxierobot
This is how Moxie introduces herself when she first arrives! #moxierobot #socialemotionaldevelopment #playbasedlearning ,moxierobot,https://www.tiktok.com/@moxierobot/video/7343436314307611950,1709777014,2024-03-07 02:03:34,147500,2052,3300000,which country is this,0,moxierobot
This is how Moxie introduces herself when she first arrives! #moxierobot #socialemotionaldevelopment #playbasedlearning ,moxierobot,https://www.tiktok.com/@moxierobot/video/7343436314307611950,1709777014,2024-03-07 02:03:34,147500,2052,3300000,💕💕💕,0,moxierobot
This is how Moxie introduces herself when she first arrives! #moxierobot #socialemotionaldevelopment #playbasedlearning ,moxierobot,https://www.tiktok.com/@moxierobot/video/7343436314307611950,1709777014,2024-03-07 02:03:34,147500,2052,3300000,🥰🥰🥰,0,moxierobot
This is how Moxie introduces herself when she first arrives! #moxierobot #socialemotionaldevelopment #playbasedlearning ,moxierobot,https://www.tiktok.com/@moxierobot/video/7343436314307611950,1709777014,2024-03-07 02:03:34,147500,2052,3300000,where can I get it,0,moxierobot
This is how Moxie introduces herself when she first arrives! #moxierobot #socialemotionaldevelopment #playbasedlearning ,moxierobot,https://www.tiktok.com/@moxierobot/video/7343436314307611950,1709777014,2024-03-07 02:03:34,147500,2052,3300000,just like in the movies,0,moxierobot
This is how Moxie introduces herself when she first arrives! #moxierobot #socialemotionaldevelopment #playbasedlearning ,moxierobot,https://www.tiktok.com/@moxierobot/video/7343436314307611950,1709777014,2024-03-07 02:03:34,147500,2052,3300000,Only English or he speaks other languages ?,0,moxierobot
This is how Moxie introduces herself when she first arrives! #moxierobot #socialemotionaldevelopment #playbasedlearning ,moxierobot,https://www.tiktok.com/@moxierobot/video/7343436314307611950,1709777014,2024-03-07 02:03:34,147500,2052,3300000,I want wat they called how oder one,0,moxierobot
This is how Moxie introduces herself when she first arrives! #moxierobot #socialemotionaldevelopment #playbasedlearning ,moxierobot,https://www.tiktok.com/@moxierobot/video/7343436314307611950,1709777014,2024-03-07 02:03:34,147500,2052,3300000,🥰🤩👍👍,0,moxierobot
This is how Moxie introduces herself when she first arrives! #moxierobot #socialemotionaldevelopment #playbasedlearning ,moxierobot,https://www.tiktok.com/@moxierobot/video/7343436314307611950,1709777014,2024-03-07 02:03:34,147500,2052,3300000,❤️,0,moxierobot
This is how Moxie introduces herself when she first arrives! #moxierobot #socialemotionaldevelopment #playbasedlearning ,moxierobot,https://www.tiktok.com/@moxierobot/video/7343436314307611950,1709777014,2024-03-07 02:03:34,147500,2052,3300000,Morning moxie,0,moxierobot
This is how Moxie introduces herself when she first arrives! #moxierobot #socialemotionaldevelopment #playbasedlearning ,moxierobot,https://www.tiktok.com/@moxierobot/video/7343436314307611950,1709777014,2024-03-07 02:03:34,147500,2052,3300000,this like real life cartoon.,1,moxierobot
This is how Moxie introduces herself when she first arrives! #moxierobot #socialemotionaldevelopment #playbasedlearning ,moxierobot,https://www.tiktok.com/@moxierobot/video/7343436314307611950,1709777014,2024-03-07 02:03:34,147500,2052,3300000,I need this 🥰🥰🥰❤️,0,moxierobot
This is how Moxie introduces herself when she first arrives! #moxierobot #socialemotionaldevelopment #playbasedlearning ,moxierobot,https://www.tiktok.com/@moxierobot/video/7343436314307611950,1709777014,2024-03-07 02:03:34,147500,2052,3300000,Is this Earth?,1,moxierobot
This is how Moxie introduces herself when she first arrives! #moxierobot #socialemotionaldevelopment #playbasedlearning ,moxierobot,https://www.tiktok.com/@moxierobot/video/7343436314307611950,1709777014,2024-03-07 02:03:34,147500,2052,3300000,"lm in south Africa.
how can I get a moxie.",37,moxierobot
This is how Moxie introduces herself when she first arrives! #moxierobot #socialemotionaldevelopment #playbasedlearning ,moxierobot,https://www.tiktok.com/@moxierobot/video/7343436314307611950,1709777014,2024-03-07 02:03:34,147500,2052,3300000,You called? I’m awake bro.,2,moxierobot
This is how Moxie introduces herself when she first arrives! #moxierobot #socialemotionaldevelopment #playbasedlearning ,moxierobot,https://www.tiktok.com/@moxierobot/video/7343436314307611950,1709777014,2024-03-07 02:03:34,147500,2052,3300000,wow she is so cute,1,moxierobot
This is how Moxie introduces herself when she first arrives! #moxierobot #socialemotionaldevelopment #playbasedlearning ,moxierobot,https://www.tiktok.com/@moxierobot/video/7343436314307611950,1709777014,2024-03-07 02:03:34,147500,2052,3300000,He speak french ?,1,moxierobot
This is how Moxie introduces herself when she first arrives! #moxierobot #socialemotionaldevelopment #playbasedlearning ,moxierobot,https://www.tiktok.com/@moxierobot/video/7343436314307611950,1709777014,2024-03-07 02:03:34,147500,2052,3300000,I want to buy one for my son. Does he speak Arabic? Please reply. Thank you 🥰,12,moxierobot
This is how Moxie introduces herself when she first arrives! #moxierobot #socialemotionaldevelopment #playbasedlearning ,moxierobot,https://www.tiktok.com/@moxierobot/video/7343436314307611950,1709777014,2024-03-07 02:03:34,147500,2052,3300000,what does she do?,1,moxierobot
This is how Moxie introduces herself when she first arrives! #moxierobot #socialemotionaldevelopment #playbasedlearning ,moxierobot,https://www.tiktok.com/@moxierobot/video/7343436314307611950,1709777014,2024-03-07 02:03:34,147500,2052,3300000,😳is that made in china or US?,0,moxierobot
This is how Moxie introduces herself when she first arrives! #moxierobot #socialemotionaldevelopment #playbasedlearning ,moxierobot,https://www.tiktok.com/@moxierobot/video/7343436314307611950,1709777014,2024-03-07 02:03:34,147500,2052,3300000,I want wat they called how oder one,0,moxierobot
This is how Moxie introduces herself when she first arrives! #moxierobot #socialemotionaldevelopment #playbasedlearning ,moxierobot,https://www.tiktok.com/@moxierobot/video/7343436314307611950,1709777014,2024-03-07 02:03:34,147500,2052,3300000,"So Moxie is R10 500, Yhoo and I’d have loved one for my shy son.",1,moxierobot
This is how Moxie introduces herself when she first arrives! #moxierobot #socialemotionaldevelopment #playbasedlearning ,moxierobot,https://www.tiktok.com/@moxierobot/video/7343436314307611950,1709777014,2024-03-07 02:03:34,147500,2052,3300000,Is it is south Africa and what is the cost on it,1,moxierobot
This is how Moxie introduces herself when she first arrives! #moxierobot #socialemotionaldevelopment #playbasedlearning ,moxierobot,https://www.tiktok.com/@moxierobot/video/7343436314307611950,1709777014,2024-03-07 02:03:34,147500,2052,3300000,I want it for me 🤩🤩🤩,0,moxierobot
This is how Moxie introduces herself when she first arrives! #moxierobot #socialemotionaldevelopment #playbasedlearning ,moxierobot,https://www.tiktok.com/@moxierobot/video/7343436314307611950,1709777014,2024-03-07 02:03:34,147500,2052,3300000,This reminds me of Eva,1,moxierobot
This is how Moxie introduces herself when she first arrives! #moxierobot #socialemotionaldevelopment #playbasedlearning ,moxierobot,https://www.tiktok.com/@moxierobot/video/7343436314307611950,1709777014,2024-03-07 02:03:34,147500,2052,3300000,where can I get it,0,moxierobot
This is how Moxie introduces herself when she first arrives! #moxierobot #socialemotionaldevelopment #playbasedlearning ,moxierobot,https://www.tiktok.com/@moxierobot/video/7343436314307611950,1709777014,2024-03-07 02:03:34,147500,2052,3300000,a want one what are the prys plz,0,moxierobot
This is how Moxie introduces herself when she first arrives! #moxierobot #socialemotionaldevelopment #playbasedlearning ,moxierobot,https://www.tiktok.com/@moxierobot/video/7343436314307611950,1709777014,2024-03-07 02:03:34,147500,2052,3300000,Aguardando a Shopee fazer um igual e a metade do valor,1640,moxierobot
This is how Moxie introduces herself when she first arrives! #moxierobot #socialemotionaldevelopment #playbasedlearning ,moxierobot,https://www.tiktok.com/@moxierobot/video/7343436314307611950,1709777014,2024-03-07 02:03:34,147500,2052,3300000,"Tenho vontade de ter uma, mas como vontade é uma coisa que dá e passa, pagar 16 mil fez a vontade passar rapidinho...rs",13,moxierobot
This is how Moxie introduces herself when she first arrives! #moxierobot #socialemotionaldevelopment #playbasedlearning ,moxierobot,https://www.tiktok.com/@moxierobot/video/7343436314307611950,1709777014,2024-03-07 02:03:34,147500,2052,3300000,😳 el capítulo de black mirror se hizo real,267,moxierobot
This is how Moxie introduces herself when she first arrives! #moxierobot #socialemotionaldevelopment #playbasedlearning ,moxierobot,https://www.tiktok.com/@moxierobot/video/7343436314307611950,1709777014,2024-03-07 02:03:34,147500,2052,3300000,Muy pronto tendremos nuestro propio Baymax,61,moxierobot
This is how Moxie introduces herself when she first arrives! #moxierobot #socialemotionaldevelopment #playbasedlearning ,moxierobot,https://www.tiktok.com/@moxierobot/video/7343436314307611950,1709777014,2024-03-07 02:03:34,147500,2052,3300000,"Gente, isso é muito BLACK MIRROR, eu tô como? 😱",108,moxierobot
This is how Moxie introduces herself when she first arrives! #moxierobot #socialemotionaldevelopment #playbasedlearning ,moxierobot,https://www.tiktok.com/@moxierobot/video/7343436314307611950,1709777014,2024-03-07 02:03:34,147500,2052,3300000,Das geil kostet einfach 1200 Euro 😂 wir hatten früher Freunde mit dem mir draußen Spielen waren ohne Handy bis 20 Uhr,14,moxierobot
This is how Moxie introduces herself when she first arrives! #moxierobot #socialemotionaldevelopment #playbasedlearning ,moxierobot,https://www.tiktok.com/@moxierobot/video/7343436314307611950,1709777014,2024-03-07 02:03:34,147500,2052,3300000,eu quero um moxie 😊,159,moxierobot
This is how Moxie introduces herself when she first arrives! #moxierobot #socialemotionaldevelopment #playbasedlearning ,moxierobot,https://www.tiktok.com/@moxierobot/video/7343436314307611950,1709777014,2024-03-07 02:03:34,147500,2052,3300000,Mi moxi cuando vea que es una casa en latam en color menta 😰😃,11,moxierobot
This is how Moxie introduces herself when she first arrives! #moxierobot #socialemotionaldevelopment #playbasedlearning ,moxierobot,https://www.tiktok.com/@moxierobot/video/7343436314307611950,1709777014,2024-03-07 02:03:34,147500,2052,3300000,16.000 reais,49,moxierobot
This is how Moxie introduces herself when she first arrives! #moxierobot #socialemotionaldevelopment #playbasedlearning ,moxierobot,https://www.tiktok.com/@moxierobot/video/7343436314307611950,1709777014,2024-03-07 02:03:34,147500,2052,3300000,Es hija de Alexa,6,moxierobot
This is how Moxie introduces herself when she first arrives! #moxierobot #socialemotionaldevelopment #playbasedlearning ,moxierobot,https://www.tiktok.com/@moxierobot/video/7343436314307611950,1709777014,2024-03-07 02:03:34,147500,2052,3300000,gente será que ninguém assistiu exterminador do futuro não 😱😱 começou assim!,9,moxierobot
This is how Moxie introduces herself when she first arrives! #moxierobot #socialemotionaldevelopment #playbasedlearning ,moxierobot,https://www.tiktok.com/@moxierobot/video/7343436314307611950,1709777014,2024-03-07 02:03:34,147500,2052,3300000,"Essa moxie e tudo de bom, pena que custa 17,000 mil kkkkk",6,moxierobot
This is how Moxie introduces herself when she first arrives! #moxierobot #socialemotionaldevelopment #playbasedlearning ,moxierobot,https://www.tiktok.com/@moxierobot/video/7343436314307611950,1709777014,2024-03-07 02:03:34,147500,2052,3300000,do you speak portuguese?,11,moxierobot
This is how Moxie introduces herself when she first arrives! #moxierobot #socialemotionaldevelopment #playbasedlearning ,moxierobot,https://www.tiktok.com/@moxierobot/video/7343436314307611950,1709777014,2024-03-07 02:03:34,147500,2052,3300000,moxie está en español si lo compro,32,moxierobot
This is how Moxie introduces herself when she first arrives! #moxierobot #socialemotionaldevelopment #playbasedlearning ,moxierobot,https://www.tiktok.com/@moxierobot/video/7343436314307611950,1709777014,2024-03-07 02:03:34,147500,2052,3300000,lo necesito en mi vida🤩,5,moxierobot
This is how Moxie introduces herself when she first arrives! #moxierobot #socialemotionaldevelopment #playbasedlearning ,moxierobot,https://www.tiktok.com/@moxierobot/video/7343436314307611950,1709777014,2024-03-07 02:03:34,147500,2052,3300000,"Mercado libre colombia casi 6 millones de pesos, casi 1.500 dólares",10,moxierobot
This is how Moxie introduces herself when she first arrives! #moxierobot #socialemotionaldevelopment #playbasedlearning ,moxierobot,https://www.tiktok.com/@moxierobot/video/7343436314307611950,1709777014,2024-03-07 02:03:34,147500,2052,3300000,Quanto custa o Moxie? Eu quero!!!!,22,moxierobot
This is how Moxie introduces herself when she first arrives! #moxierobot #socialemotionaldevelopment #playbasedlearning ,moxierobot,https://www.tiktok.com/@moxierobot/video/7343436314307611950,1709777014,2024-03-07 02:03:34,147500,2052,3300000,Na busca busca já tem???😂😂,15,moxierobot
This is how Moxie introduces herself when she first arrives! #moxierobot #socialemotionaldevelopment #playbasedlearning ,moxierobot,https://www.tiktok.com/@moxierobot/video/7343436314307611950,1709777014,2024-03-07 02:03:34,147500,2052,3300000,oye se puede poner en español el robot,18,moxierobot
This is how Moxie introduces herself when she first arrives! #moxierobot #socialemotionaldevelopment #playbasedlearning ,moxierobot,https://www.tiktok.com/@moxierobot/video/7343436314307611950,1709777014,2024-03-07 02:03:34,147500,2052,3300000,Será que tem como programar para português alguém sabe ????,7,moxierobot
This is how Moxie introduces herself when she first arrives! #moxierobot #socialemotionaldevelopment #playbasedlearning ,moxierobot,https://www.tiktok.com/@moxierobot/video/7343436314307611950,1709777014,2024-03-07 02:03:34,147500,2052,3300000,Quero um tem do Cha Eun-woo 🤣🤣🤣🤣🤣,9,moxierobot
This is how Moxie introduces herself when she first arrives! #moxierobot #socialemotionaldevelopment #playbasedlearning ,moxierobot,https://www.tiktok.com/@moxierobot/video/7343436314307611950,1709777014,2024-03-07 02:03:34,147500,2052,3300000,🥰,1,moxierobot
This is how Moxie introduces herself when she first arrives! #moxierobot #socialemotionaldevelopment #playbasedlearning ,moxierobot,https://www.tiktok.com/@moxierobot/video/7343436314307611950,1709777014,2024-03-07 02:03:34,147500,2052,3300000,onde vende vou comprar pro meu filho,1,moxierobot
This is how Moxie introduces herself when she first arrives! #moxierobot #socialemotionaldevelopment #playbasedlearning ,moxierobot,https://www.tiktok.com/@moxierobot/video/7343436314307611950,1709777014,2024-03-07 02:03:34,147500,2052,3300000,🥰🥰🥰,1,moxierobot
This is how Moxie introduces herself when she first arrives! #moxierobot #socialemotionaldevelopment #playbasedlearning ,moxierobot,https://www.tiktok.com/@moxierobot/video/7343436314307611950,1709777014,2024-03-07 02:03:34,147500,2052,3300000,Se não fosse 15 mil reais eu queria muuuiito ❤️,3,moxierobot
This is how Moxie introduces herself when she first arrives! #moxierobot #socialemotionaldevelopment #playbasedlearning ,moxierobot,https://www.tiktok.com/@moxierobot/video/7343436314307611950,1709777014,2024-03-07 02:03:34,147500,2052,3300000,HOLA,1,moxierobot
This is how Moxie introduces herself when she first arrives! #moxierobot #socialemotionaldevelopment #playbasedlearning ,moxierobot,https://www.tiktok.com/@moxierobot/video/7343436314307611950,1709777014,2024-03-07 02:03:34,147500,2052,3300000,Troco KA 2013 por Moxie. 🤣🤣🤣🤣🤣,4,moxierobot
This is how Moxie introduces herself when she first arrives! #moxierobot #socialemotionaldevelopment #playbasedlearning ,moxierobot,https://www.tiktok.com/@moxierobot/video/7343436314307611950,1709777014,2024-03-07 02:03:34,147500,2052,3300000,Moxie se parece a EVA ☺️,3,moxierobot
This is how Moxie introduces herself when she first arrives! #moxierobot #socialemotionaldevelopment #playbasedlearning ,moxierobot,https://www.tiktok.com/@moxierobot/video/7343436314307611950,1709777014,2024-03-07 02:03:34,147500,2052,3300000,não sei se eu gosto de medo,1,moxierobot
This is how Moxie introduces herself when she first arrives! #moxierobot #socialemotionaldevelopment #playbasedlearning ,moxierobot,https://www.tiktok.com/@moxierobot/video/7343436314307611950,1709777014,2024-03-07 02:03:34,147500,2052,3300000,Meu Deus eu quero um desse,1,moxierobot
This is how Moxie introduces herself when she first arrives! #moxierobot #socialemotionaldevelopment #playbasedlearning ,moxierobot,https://www.tiktok.com/@moxierobot/video/7343436314307611950,1709777014,2024-03-07 02:03:34,147500,2052,3300000,Não tenho dinheiro nem pra comprar uma Alexa quem dera comprar uma moxie 😂😂,4,moxierobot
This is how Moxie introduces herself when she first arrives! #moxierobot #socialemotionaldevelopment #playbasedlearning ,moxierobot,https://www.tiktok.com/@moxierobot/video/7343436314307611950,1709777014,2024-03-07 02:03:34,147500,2052,3300000,custa 15 mil reais,1,moxierobot
This is how Moxie introduces herself when she first arrives! #moxierobot #socialemotionaldevelopment #playbasedlearning ,moxierobot,https://www.tiktok.com/@moxierobot/video/7343436314307611950,1709777014,2024-03-07 02:03:34,147500,2052,3300000,tudo que eu queria.... que fofa... mas não está na minha realidade financeira,1,moxierobot
This is how Moxie introduces herself when she first arrives! #moxierobot #socialemotionaldevelopment #playbasedlearning ,moxierobot,https://www.tiktok.com/@moxierobot/video/7343436314307611950,1709777014,2024-03-07 02:03:34,147500,2052,3300000,"pena que nao tem a lingua em portugues , é carinha so 13 mil e pouco mas se tivesse em portugues aaaaaa au ia conprar",1,moxierobot
This is how Moxie introduces herself when she first arrives! #moxierobot #socialemotionaldevelopment #playbasedlearning ,moxierobot,https://www.tiktok.com/@moxierobot/video/7343436314307611950,1709777014,2024-03-07 02:03:34,147500,2052,3300000,"Me lembrou a Ashley, um episódio com a Miley Cirrus em Black Mirror.",1,moxierobot
This is how Moxie introduces herself when she first arrives! #moxierobot #socialemotionaldevelopment #playbasedlearning ,moxierobot,https://www.tiktok.com/@moxierobot/video/7343436314307611950,1709777014,2024-03-07 02:03:34,147500,2052,3300000,"Eu quero, mais simplesmente fui pesquisar e pasmem o valor:R$ 15.000,00",3,moxierobot
This is how Moxie introduces herself when she first arrives! #moxierobot #socialemotionaldevelopment #playbasedlearning ,moxierobot,https://www.tiktok.com/@moxierobot/video/7343436314307611950,1709777014,2024-03-07 02:03:34,147500,2052,3300000,ajajajajjaja yo tengo a mis nietos que hacen eso todos los días y me permiten más alegrías,1,moxierobot
This is how Moxie introduces herself when she first arrives! #moxierobot #socialemotionaldevelopment #playbasedlearning ,moxierobot,https://www.tiktok.com/@moxierobot/video/7343436314307611950,1709777014,2024-03-07 02:03:34,147500,2052,3300000,sera que só eu tenho medo de tanta tecnologia?,1,moxierobot
This is how Moxie introduces herself when she first arrives! #moxierobot #socialemotionaldevelopment #playbasedlearning ,moxierobot,https://www.tiktok.com/@moxierobot/video/7343436314307611950,1709777014,2024-03-07 02:03:34,147500,2052,3300000,marcar a shopee pra fazer um desses kkk,2,moxierobot
This is how Moxie introduces herself when she first arrives! #moxierobot #socialemotionaldevelopment #playbasedlearning ,moxierobot,https://www.tiktok.com/@moxierobot/video/7343436314307611950,1709777014,2024-03-07 02:03:34,147500,2052,3300000,déjà des problème de sommeil,1,moxierobot
This is how Moxie introduces herself when she first arrives! #moxierobot #socialemotionaldevelopment #playbasedlearning ,moxierobot,https://www.tiktok.com/@moxierobot/video/7343436314307611950,1709777014,2024-03-07 02:03:34,147500,2052,3300000,Meu medo desses bichinhos eletrônicos é a gente se apegar como se fosse um ser vivo rsrs,1,moxierobot
This is how Moxie introduces herself when she first arrives! #moxierobot #socialemotionaldevelopment #playbasedlearning ,moxierobot,https://www.tiktok.com/@moxierobot/video/7343436314307611950,1709777014,2024-03-07 02:03:34,147500,2052,3300000,Ja wan kommt der auf deutsch,1,moxierobot
This is how Moxie introduces herself when she first arrives! #moxierobot #socialemotionaldevelopment #playbasedlearning ,moxierobot,https://www.tiktok.com/@moxierobot/video/7343436314307611950,1709777014,2024-03-07 02:03:34,147500,2052,3300000,Di tukang ager keliling sudah ada yg jual gak..,1,moxierobot
This is how Moxie introduces herself when she first arrives! #moxierobot #socialemotionaldevelopment #playbasedlearning ,moxierobot,https://www.tiktok.com/@moxierobot/video/7343436314307611950,1709777014,2024-03-07 02:03:34,147500,2052,3300000,me faz lembrar do desenho futurística os jetson,1,moxierobot
This is how Moxie introduces herself when she first arrives! #moxierobot #socialemotionaldevelopment #playbasedlearning ,moxierobot,https://www.tiktok.com/@moxierobot/video/7343436314307611950,1709777014,2024-03-07 02:03:34,147500,2052,3300000,custa 15 mil,2,moxierobot
This is how Moxie introduces herself when she first arrives! #moxierobot #socialemotionaldevelopment #playbasedlearning ,moxierobot,https://www.tiktok.com/@moxierobot/video/7343436314307611950,1709777014,2024-03-07 02:03:34,147500,2052,3300000,eu qro faz a mesma coisa da alexia,0,moxierobot
This is how Moxie introduces herself when she first arrives! #moxierobot #socialemotionaldevelopment #playbasedlearning ,moxierobot,https://www.tiktok.com/@moxierobot/video/7343436314307611950,1709777014,2024-03-07 02:03:34,147500,2052,3300000,funciona en español,0,moxierobot
This is how Moxie introduces herself when she first arrives! #moxierobot #socialemotionaldevelopment #playbasedlearning ,moxierobot,https://www.tiktok.com/@moxierobot/video/7343436314307611950,1709777014,2024-03-07 02:03:34,147500,2052,3300000,Já tem na shopee? 😂,0,moxierobot
This is how Moxie introduces herself when she first arrives! #moxierobot #socialemotionaldevelopment #playbasedlearning ,moxierobot,https://www.tiktok.com/@moxierobot/video/7343436314307611950,1709777014,2024-03-07 02:03:34,147500,2052,3300000,eu quero uma @moxie,0,moxierobot
This is how Moxie introduces herself when she first arrives! #moxierobot #socialemotionaldevelopment #playbasedlearning ,moxierobot,https://www.tiktok.com/@moxierobot/video/7343436314307611950,1709777014,2024-03-07 02:03:34,147500,2052,3300000,750$?,0,moxierobot
This is how Moxie introduces herself when she first arrives! #moxierobot #socialemotionaldevelopment #playbasedlearning ,moxierobot,https://www.tiktok.com/@moxierobot/video/7343436314307611950,1709777014,2024-03-07 02:03:34,147500,2052,3300000,🥰,0,moxierobot
This is how Moxie introduces herself when she first arrives! #moxierobot #socialemotionaldevelopment #playbasedlearning ,moxierobot,https://www.tiktok.com/@moxierobot/video/7343436314307611950,1709777014,2024-03-07 02:03:34,147500,2052,3300000,Que medo! Vi um filme uma vez que tinha uma assim e ela dominava a menina (dona) a Alexa já ouve tudo imagina interagindo assim kkkk medo.,0,moxierobot
This is how Moxie introduces herself when she first arrives! #moxierobot #socialemotionaldevelopment #playbasedlearning ,moxierobot,https://www.tiktok.com/@moxierobot/video/7343436314307611950,1709777014,2024-03-07 02:03:34,147500,2052,3300000,"queria, mas aqui no BR tá inviável demais",0,moxierobot
This is how Moxie introduces herself when she first arrives! #moxierobot #socialemotionaldevelopment #playbasedlearning ,moxierobot,https://www.tiktok.com/@moxierobot/video/7343436314307611950,1709777014,2024-03-07 02:03:34,147500,2052,3300000,"BARATO 15.000,00",0,moxierobot
This is how Moxie introduces herself when she first arrives! #moxierobot #socialemotionaldevelopment #playbasedlearning ,moxierobot,https://www.tiktok.com/@moxierobot/video/7343436314307611950,1709777014,2024-03-07 02:03:34,147500,2052,3300000,"Tem um filme muito parecido com esse robô, assistam que vcs mudam de ideia em querer comprar um 😂",0,moxierobot
This is how Moxie introduces herself when she first arrives! #moxierobot #socialemotionaldevelopment #playbasedlearning ,moxierobot,https://www.tiktok.com/@moxierobot/video/7343436314307611950,1709777014,2024-03-07 02:03:34,147500,2052,3300000,Colocam nisso uma voz calorosa e uma carinha fofa de anime pra não parecer intrusivo ou diabólico. E isso serve para o quê mesmo? Eu acho que serve principalmente para registar e vigiar/mapear tudo.,0,moxierobot
This is how Moxie introduces herself when she first arrives! #moxierobot #socialemotionaldevelopment #playbasedlearning ,moxierobot,https://www.tiktok.com/@moxierobot/video/7343436314307611950,1709777014,2024-03-07 02:03:34,147500,2052,3300000,show 👏👏👏👏,0,moxierobot
This is how Moxie introduces herself when she first arrives! #moxierobot #socialemotionaldevelopment #playbasedlearning ,moxierobot,https://www.tiktok.com/@moxierobot/video/7343436314307611950,1709777014,2024-03-07 02:03:34,147500,2052,3300000,E muito fofa,0,moxierobot
This is how Moxie introduces herself when she first arrives! #moxierobot #socialemotionaldevelopment #playbasedlearning ,moxierobot,https://www.tiktok.com/@moxierobot/video/7343436314307611950,1709777014,2024-03-07 02:03:34,147500,2052,3300000,wunderfull so cute 🥰,0,moxierobot
This is how Moxie introduces herself when she first arrives! #moxierobot #socialemotionaldevelopment #playbasedlearning ,moxierobot,https://www.tiktok.com/@moxierobot/video/7343436314307611950,1709777014,2024-03-07 02:03:34,147500,2052,3300000,😳😳😳😳😳😳,0,moxierobot
This is how Moxie introduces herself when she first arrives! #moxierobot #socialemotionaldevelopment #playbasedlearning ,moxierobot,https://www.tiktok.com/@moxierobot/video/7343436314307611950,1709777014,2024-03-07 02:03:34,147500,2052,3300000,"Tem um filme muito parecido com esse robô, assistam que vcs mudam de ideia em querer comprar um 😂",0,moxierobot
This is how Moxie introduces herself when she first arrives! #moxierobot #socialemotionaldevelopment #playbasedlearning ,moxierobot,https://www.tiktok.com/@moxierobot/video/7343436314307611950,1709777014,2024-03-07 02:03:34,147500,2052,3300000,amei 🥰🥰🥰🥰🥰,0,moxierobot
This is how Moxie introduces herself when she first arrives! #moxierobot #socialemotionaldevelopment #playbasedlearning ,moxierobot,https://www.tiktok.com/@moxierobot/video/7343436314307611950,1709777014,2024-03-07 02:03:34,147500,2052,3300000,Colocam nisso uma voz calorosa e uma carinha fofa de anime pra não parecer intrusivo ou diabólico. E isso serve para o quê mesmo? Eu acho que serve principalmente para registar e vigiar/mapear tudo.,0,moxierobot
This is how Moxie introduces herself when she first arrives! #moxierobot #socialemotionaldevelopment #playbasedlearning ,moxierobot,https://www.tiktok.com/@moxierobot/video/7343436314307611950,1709777014,2024-03-07 02:03:34,147500,2052,3300000,show 👏👏👏👏,0,moxierobot
This is how Moxie introduces herself when she first arrives! #moxierobot #socialemotionaldevelopment #playbasedlearning ,moxierobot,https://www.tiktok.com/@moxierobot/video/7343436314307611950,1709777014,2024-03-07 02:03:34,147500,2052,3300000,wunderfull so cute 🥰,0,moxierobot
This is how Moxie introduces herself when she first arrives! #moxierobot #socialemotionaldevelopment #playbasedlearning ,moxierobot,https://www.tiktok.com/@moxierobot/video/7343436314307611950,1709777014,2024-03-07 02:03:34,147500,2052,3300000,esse boneco é 15.000😳😳,0,moxierobot
This is how Moxie introduces herself when she first arrives! #moxierobot #socialemotionaldevelopment #playbasedlearning ,moxierobot,https://www.tiktok.com/@moxierobot/video/7343436314307611950,1709777014,2024-03-07 02:03:34,147500,2052,3300000,Ela traduz em português?,0,moxierobot
This is how Moxie introduces herself when she first arrives! #moxierobot #socialemotionaldevelopment #playbasedlearning ,moxierobot,https://www.tiktok.com/@moxierobot/video/7343436314307611950,1709777014,2024-03-07 02:03:34,147500,2052,3300000,Quando vem pro Brasil 🇧🇷🇧🇷🇧🇷🇧🇷🇧🇷 o valor deve ser acessível TB,0,moxierobot
This is how Moxie introduces herself when she first arrives! #moxierobot #socialemotionaldevelopment #playbasedlearning ,moxierobot,https://www.tiktok.com/@moxierobot/video/7343436314307611950,1709777014,2024-03-07 02:03:34,147500,2052,3300000,Lindo💖,0,moxierobot
This is how Moxie introduces herself when she first arrives! #moxierobot #socialemotionaldevelopment #playbasedlearning ,moxierobot,https://www.tiktok.com/@moxierobot/video/7343436314307611950,1709777014,2024-03-07 02:03:34,147500,2052,3300000,so tem o livro não tem o robo,0,moxierobot
This is how Moxie introduces herself when she first arrives! #moxierobot #socialemotionaldevelopment #playbasedlearning ,moxierobot,https://www.tiktok.com/@moxierobot/video/7343436314307611950,1709777014,2024-03-07 02:03:34,147500,2052,3300000,🥰🥰🥰,0,moxierobot
This is how Moxie introduces herself when she first arrives! #moxierobot #socialemotionaldevelopment #playbasedlearning ,moxierobot,https://www.tiktok.com/@moxierobot/video/7343436314307611950,1709777014,2024-03-07 02:03:34,147500,2052,3300000,ela fala português,0,moxierobot
This is how Moxie introduces herself when she first arrives! #moxierobot #socialemotionaldevelopment #playbasedlearning ,moxierobot,https://www.tiktok.com/@moxierobot/video/7343436314307611950,1709777014,2024-03-07 02:03:34,147500,2052,3300000,Ik heb hem niet nodig,0,moxierobot
This is how Moxie introduces herself when she first arrives! #moxierobot #socialemotionaldevelopment #playbasedlearning ,moxierobot,https://www.tiktok.com/@moxierobot/video/7343436314307611950,1709777014,2024-03-07 02:03:34,147500,2052,3300000,🥰🥰🥰,0,moxierobot
This is how Moxie introduces herself when she first arrives! #moxierobot #socialemotionaldevelopment #playbasedlearning ,moxierobot,https://www.tiktok.com/@moxierobot/video/7343436314307611950,1709777014,2024-03-07 02:03:34,147500,2052,3300000,Spionage Spielzeug 😎,0,moxierobot
This is how Moxie introduces herself when she first arrives! #moxierobot #socialemotionaldevelopment #playbasedlearning ,moxierobot,https://www.tiktok.com/@moxierobot/video/7343436314307611950,1709777014,2024-03-07 02:03:34,147500,2052,3300000,eu vi um vídeo falando sobre ele é 15.000 esse bonequinho aí kkkkk,0,moxierobot
This is how Moxie introduces herself when she first arrives! #moxierobot #socialemotionaldevelopment #playbasedlearning ,moxierobot,https://www.tiktok.com/@moxierobot/video/7343436314307611950,1709777014,2024-03-07 02:03:34,147500,2052,3300000,essa robô é uma fofa,0,moxierobot
This is how Moxie introduces herself when she first arrives! #moxierobot #socialemotionaldevelopment #playbasedlearning ,moxierobot,https://www.tiktok.com/@moxierobot/video/7343436314307611950,1709777014,2024-03-07 02:03:34,147500,2052,3300000,alexa nada agora eu quero um moxie 🥰,0,moxierobot
This is how Moxie introduces herself when she first arrives! #moxierobot #socialemotionaldevelopment #playbasedlearning ,moxierobot,https://www.tiktok.com/@moxierobot/video/7343436314307611950,1709777014,2024-03-07 02:03:34,147500,2052,3300000,Gente 17 milllll que é isso 😅 vou ficar com as três Alexa que tenho hahahajha,0,moxierobot
This is how Moxie introduces herself when she first arrives! #moxierobot #socialemotionaldevelopment #playbasedlearning ,moxierobot,https://www.tiktok.com/@moxierobot/video/7343436314307611950,1709777014,2024-03-07 02:03:34,147500,2052,3300000,😳😳😳😳😳😳,0,moxierobot
This is how Moxie introduces herself when she first arrives! #moxierobot #socialemotionaldevelopment #playbasedlearning ,moxierobot,https://www.tiktok.com/@moxierobot/video/7343436314307611950,1709777014,2024-03-07 02:03:34,147500,2052,3300000,16 mil Reais 😂😂😂😂😂,0,moxierobot
This is how Moxie introduces herself when she first arrives! #moxierobot #socialemotionaldevelopment #playbasedlearning ,moxierobot,https://www.tiktok.com/@moxierobot/video/7343436314307611950,1709777014,2024-03-07 02:03:34,147500,2052,3300000,pelo que eu vi custa mais de 15 mil,0,moxierobot
This is how Moxie introduces herself when she first arrives! #moxierobot #socialemotionaldevelopment #playbasedlearning ,moxierobot,https://www.tiktok.com/@moxierobot/video/7343436314307611950,1709777014,2024-03-07 02:03:34,147500,2052,3300000,preciso 🥰,0,moxierobot
This is how Moxie introduces herself when she first arrives! #moxierobot #socialemotionaldevelopment #playbasedlearning ,moxierobot,https://www.tiktok.com/@moxierobot/video/7343436314307611950,1709777014,2024-03-07 02:03:34,147500,2052,3300000,ela fala português?,0,moxierobot
This is how Moxie introduces herself when she first arrives! #moxierobot #socialemotionaldevelopment #playbasedlearning ,moxierobot,https://www.tiktok.com/@moxierobot/video/7343436314307611950,1709777014,2024-03-07 02:03:34,147500,2052,3300000,Quando vem pro Brasil 🇧🇷🇧🇷🇧🇷🇧🇷🇧🇷 o valor deve ser acessível TB,0,moxierobot
This is how Moxie introduces herself when she first arrives! #moxierobot #socialemotionaldevelopment #playbasedlearning ,moxierobot,https://www.tiktok.com/@moxierobot/video/7343436314307611950,1709777014,2024-03-07 02:03:34,147500,2052,3300000,alexa nada agora eu quero um moxie 🥰,0,moxierobot
This is how Moxie introduces herself when she first arrives! #moxierobot #socialemotionaldevelopment #playbasedlearning ,moxierobot,https://www.tiktok.com/@moxierobot/video/7343436314307611950,1709777014,2024-03-07 02:03:34,147500,2052,3300000,Lindo💖,0,moxierobot
This is how Moxie introduces herself when she first arrives! #moxierobot #socialemotionaldevelopment #playbasedlearning ,moxierobot,https://www.tiktok.com/@moxierobot/video/7343436314307611950,1709777014,2024-03-07 02:03:34,147500,2052,3300000,so tem o livro não tem o robo,0,moxierobot
This is how Moxie introduces herself when she first arrives! #moxierobot #socialemotionaldevelopment #playbasedlearning ,moxierobot,https://www.tiktok.com/@moxierobot/video/7343436314307611950,1709777014,2024-03-07 02:03:34,147500,2052,3300000,🥰🥰🥰,0,moxierobot
This is how Moxie introduces herself when she first arrives! #moxierobot #socialemotionaldevelopment #playbasedlearning ,moxierobot,https://www.tiktok.com/@moxierobot/video/7343436314307611950,1709777014,2024-03-07 02:03:34,147500,2052,3300000,Já a versão brasileira?,0,moxierobot
This is how Moxie introduces herself when she first arrives! #moxierobot #socialemotionaldevelopment #playbasedlearning ,moxierobot,https://www.tiktok.com/@moxierobot/video/7343436314307611950,1709777014,2024-03-07 02:03:34,147500,2052,3300000,ela fala português,0,moxierobot
This is how Moxie introduces herself when she first arrives! #moxierobot #socialemotionaldevelopment #playbasedlearning ,moxierobot,https://www.tiktok.com/@moxierobot/video/7343436314307611950,1709777014,2024-03-07 02:03:34,147500,2052,3300000,Ik heb hem niet nodig,0,moxierobot
This is how Moxie introduces herself when she first arrives! #moxierobot #socialemotionaldevelopment #playbasedlearning ,moxierobot,https://www.tiktok.com/@moxierobot/video/7343436314307611950,1709777014,2024-03-07 02:03:34,147500,2052,3300000,🥰🥰🥰,0,moxierobot
This is how Moxie introduces herself when she first arrives! #moxierobot #socialemotionaldevelopment #playbasedlearning ,moxierobot,https://www.tiktok.com/@moxierobot/video/7343436314307611950,1709777014,2024-03-07 02:03:34,147500,2052,3300000,que lindo,0,moxierobot
This is how Moxie introduces herself when she first arrives! #moxierobot #socialemotionaldevelopment #playbasedlearning ,moxierobot,https://www.tiktok.com/@moxierobot/video/7343436314307611950,1709777014,2024-03-07 02:03:34,147500,2052,3300000,Spionage Spielzeug 😎,0,moxierobot
This is how Moxie introduces herself when she first arrives! #moxierobot #socialemotionaldevelopment #playbasedlearning ,moxierobot,https://www.tiktok.com/@moxierobot/video/7343436314307611950,1709777014,2024-03-07 02:03:34,147500,2052,3300000,eu vi um vídeo falando sobre ele é 15.000 esse bonequinho aí kkkkk,0,moxierobot
This is how Moxie introduces herself when she first arrives! #moxierobot #socialemotionaldevelopment #playbasedlearning ,moxierobot,https://www.tiktok.com/@moxierobot/video/7343436314307611950,1709777014,2024-03-07 02:03:34,147500,2052,3300000,essa robô é uma fofa,0,moxierobot
This is how Moxie introduces herself when she first arrives! #moxierobot #socialemotionaldevelopment #playbasedlearning ,moxierobot,https://www.tiktok.com/@moxierobot/video/7343436314307611950,1709777014,2024-03-07 02:03:34,147500,2052,3300000,gracinha,0,moxierobot
This is how Moxie introduces herself when she first arrives! #moxierobot #socialemotionaldevelopment #playbasedlearning ,moxierobot,https://www.tiktok.com/@moxierobot/video/7343436314307611950,1709777014,2024-03-07 02:03:34,147500,2052,3300000,Gente 17 milllll que é isso 😅 vou ficar com as três Alexa que tenho hahahajha,0,moxierobot
This is how Moxie introduces herself when she first arrives! #moxierobot #socialemotionaldevelopment #playbasedlearning ,moxierobot,https://www.tiktok.com/@moxierobot/video/7343436314307611950,1709777014,2024-03-07 02:03:34,147500,2052,3300000,😳😳😳😳😳😳,0,moxierobot
This is how Moxie introduces herself when she first arrives! #moxierobot #socialemotionaldevelopment #playbasedlearning ,moxierobot,https://www.tiktok.com/@moxierobot/video/7343436314307611950,1709777014,2024-03-07 02:03:34,147500,2052,3300000,🤳Que legal 👏🏼👏🏼👏🏼👏🏼👏🏼,0,moxierobot
This is how Moxie introduces herself when she first arrives! #moxierobot #socialemotionaldevelopment #playbasedlearning ,moxierobot,https://www.tiktok.com/@moxierobot/video/7343436314307611950,1709777014,2024-03-07 02:03:34,147500,2052,3300000,Moxie I loved 🤩,0,moxierobot
This is how Moxie introduces herself when she first arrives! #moxierobot #socialemotionaldevelopment #playbasedlearning ,moxierobot,https://www.tiktok.com/@moxierobot/video/7343436314307611950,1709777014,2024-03-07 02:03:34,147500,2052,3300000,🥰🥰🥰,0,moxierobot
This is how Moxie introduces herself when she first arrives! #moxierobot #socialemotionaldevelopment #playbasedlearning ,moxierobot,https://www.tiktok.com/@moxierobot/video/7343436314307611950,1709777014,2024-03-07 02:03:34,147500,2052,3300000,تم,0,moxierobot
This is how Moxie introduces herself when she first arrives! #moxierobot #socialemotionaldevelopment #playbasedlearning ,moxierobot,https://www.tiktok.com/@moxierobot/video/7343436314307611950,1709777014,2024-03-07 02:03:34,147500,2052,3300000,"BARATO 15.000,00",0,moxierobot
This is how Moxie introduces herself when she first arrives! #moxierobot #socialemotionaldevelopment #playbasedlearning ,moxierobot,https://www.tiktok.com/@moxierobot/video/7343436314307611950,1709777014,2024-03-07 02:03:34,147500,2052,3300000,E muito fofa,0,moxierobot
This is how Moxie introduces herself when she first arrives! #moxierobot #socialemotionaldevelopment #playbasedlearning ,moxierobot,https://www.tiktok.com/@moxierobot/video/7343436314307611950,1709777014,2024-03-07 02:03:34,147500,2052,3300000,queroooo 🥰🥰🥰,0,moxierobot
This is how Moxie introduces herself when she first arrives! #moxierobot #socialemotionaldevelopment #playbasedlearning ,moxierobot,https://www.tiktok.com/@moxierobot/video/7343436314307611950,1709777014,2024-03-07 02:03:34,147500,2052,3300000,Black mirror gritando,0,moxierobot
This is how Moxie introduces herself when she first arrives! #moxierobot #socialemotionaldevelopment #playbasedlearning ,moxierobot,https://www.tiktok.com/@moxierobot/video/7343436314307611950,1709777014,2024-03-07 02:03:34,147500,2052,3300000,🥰🥰🥰🥰🥰que lindo,0,moxierobot
This is how Moxie introduces herself when she first arrives! #moxierobot #socialemotionaldevelopment #playbasedlearning ,moxierobot,https://www.tiktok.com/@moxierobot/video/7343436314307611950,1709777014,2024-03-07 02:03:34,147500,2052,3300000,so tem o livro não tem o robo,0,moxierobot
This is how Moxie introduces herself when she first arrives! #moxierobot #socialemotionaldevelopment #playbasedlearning ,moxierobot,https://www.tiktok.com/@moxierobot/video/7343436314307611950,1709777014,2024-03-07 02:03:34,147500,2052,3300000,Ela fala português?,0,moxierobot
This is how Moxie introduces herself when she first arrives! #moxierobot #socialemotionaldevelopment #playbasedlearning ,moxierobot,https://www.tiktok.com/@moxierobot/video/7343436314307611950,1709777014,2024-03-07 02:03:34,147500,2052,3300000,cara isso aí tá o preço de um celta 😅 15k 16k 😳,0,moxierobot
This is how Moxie introduces herself when she first arrives! #moxierobot #socialemotionaldevelopment #playbasedlearning ,moxierobot,https://www.tiktok.com/@moxierobot/video/7343436314307611950,1709777014,2024-03-07 02:03:34,147500,2052,3300000,😂😂😂,0,moxierobot
This is how Moxie introduces herself when she first arrives! #moxierobot #socialemotionaldevelopment #playbasedlearning ,moxierobot,https://www.tiktok.com/@moxierobot/video/7343436314307611950,1709777014,2024-03-07 02:03:34,147500,2052,3300000,ela custa 15 mil a 8 mil reais,0,moxierobot
This is how Moxie introduces herself when she first arrives! #moxierobot #socialemotionaldevelopment #playbasedlearning ,moxierobot,https://www.tiktok.com/@moxierobot/video/7343436314307611950,1709777014,2024-03-07 02:03:34,147500,2052,3300000,parece uma coisa cabei de ver um vídeo de uma menina falando dele e nunca tinha ouvido falar e agora me aparece novamente,0,moxierobot
This is how Moxie introduces herself when she first arrives! #moxierobot #socialemotionaldevelopment #playbasedlearning ,moxierobot,https://www.tiktok.com/@moxierobot/video/7343436314307611950,1709777014,2024-03-07 02:03:34,147500,2052,3300000,Quer nada 15mil😂😂😂,0,moxierobot
This is how Moxie introduces herself when she first arrives! #moxierobot #socialemotionaldevelopment #playbasedlearning ,moxierobot,https://www.tiktok.com/@moxierobot/video/7343436314307611950,1709777014,2024-03-07 02:03:34,147500,2052,3300000,M3GAN TA DIFERENTE,0,moxierobot
This is how Moxie introduces herself when she first arrives! #moxierobot #socialemotionaldevelopment #playbasedlearning ,moxierobot,https://www.tiktok.com/@moxierobot/video/7343436314307611950,1709777014,2024-03-07 02:03:34,147500,2052,3300000,16 mil preço de um celta 😂,0,moxierobot
This is how Moxie introduces herself when she first arrives! #moxierobot #socialemotionaldevelopment #playbasedlearning ,moxierobot,https://www.tiktok.com/@moxierobot/video/7343436314307611950,1709777014,2024-03-07 02:03:34,147500,2052,3300000,isso fala em português não? 😳,0,moxierobot
This is how Moxie introduces herself when she first arrives! #moxierobot #socialemotionaldevelopment #playbasedlearning ,moxierobot,https://www.tiktok.com/@moxierobot/video/7343436314307611950,1709777014,2024-03-07 02:03:34,147500,2052,3300000,quando tiver 100 reais eu compro,0,moxierobot
This is how Moxie introduces herself when she first arrives! #moxierobot #socialemotionaldevelopment #playbasedlearning ,moxierobot,https://www.tiktok.com/@moxierobot/video/7343436314307611950,1709777014,2024-03-07 02:03:34,147500,2052,3300000,so tem o livro não tem o robo,0,moxierobot
This is how Moxie introduces herself when she first arrives! #moxierobot #socialemotionaldevelopment #playbasedlearning ,moxierobot,https://www.tiktok.com/@moxierobot/video/7343436314307611950,1709777014,2024-03-07 02:03:34,147500,2052,3300000,O fim da Alexia 😅,0,moxierobot
This is how Moxie introduces herself when she first arrives! #moxierobot #socialemotionaldevelopment #playbasedlearning ,moxierobot,https://www.tiktok.com/@moxierobot/video/7343436314307611950,1709777014,2024-03-07 02:03:34,147500,2052,3300000,eu preciso muito 🥰,0,moxierobot
This is how Moxie introduces herself when she first arrives! #moxierobot #socialemotionaldevelopment #playbasedlearning ,moxierobot,https://www.tiktok.com/@moxierobot/video/7343436314307611950,1709777014,2024-03-07 02:03:34,147500,2052,3300000,😳😳😳,0,moxierobot
This is how Moxie introduces herself when she first arrives! #moxierobot #socialemotionaldevelopment #playbasedlearning ,moxierobot,https://www.tiktok.com/@moxierobot/video/7343436314307611950,1709777014,2024-03-07 02:03:34,147500,2052,3300000,😂😂😂,0,moxierobot
This is how Moxie introduces herself when she first arrives! #moxierobot #socialemotionaldevelopment #playbasedlearning ,moxierobot,https://www.tiktok.com/@moxierobot/video/7343436314307611950,1709777014,2024-03-07 02:03:34,147500,2052,3300000,esse boneco é 15.000😳😳,0,moxierobot
This is how Moxie introduces herself when she first arrives! #moxierobot #socialemotionaldevelopment #playbasedlearning ,moxierobot,https://www.tiktok.com/@moxierobot/video/7343436314307611950,1709777014,2024-03-07 02:03:34,147500,2052,3300000,Gente 17 milllll que é isso 😅 vou ficar com as três Alexa que tenho hahahajha,0,moxierobot
This is how Moxie introduces herself when she first arrives! #moxierobot #socialemotionaldevelopment #playbasedlearning ,moxierobot,https://www.tiktok.com/@moxierobot/video/7343436314307611950,1709777014,2024-03-07 02:03:34,147500,2052,3300000,M3GAN TA DIFERENTE,0,moxierobot
This is how Moxie introduces herself when she first arrives! #moxierobot #socialemotionaldevelopment #playbasedlearning ,moxierobot,https://www.tiktok.com/@moxierobot/video/7343436314307611950,1709777014,2024-03-07 02:03:34,147500,2052,3300000,muy caro y en ingles ojalá se vuelva más accesible,0,moxierobot
This is how Moxie introduces herself when she first arrives! #moxierobot #socialemotionaldevelopment #playbasedlearning ,moxierobot,https://www.tiktok.com/@moxierobot/video/7343436314307611950,1709777014,2024-03-07 02:03:34,147500,2052,3300000,eu quero um moxie 🥰,0,moxierobot
This is how Moxie introduces herself when she first arrives! #moxierobot #socialemotionaldevelopment #playbasedlearning ,moxierobot,https://www.tiktok.com/@moxierobot/video/7343436314307611950,1709777014,2024-03-07 02:03:34,147500,2052,3300000,"ainda bem que sou pobre, pq se tivesse dinheiro mudaria pra uma ilha,sem contato c humanos ,só ela e meus gatos e minha filha 🤣🤣🤣🤣",0,moxierobot
This is how Moxie introduces herself when she first arrives! #moxierobot #socialemotionaldevelopment #playbasedlearning ,moxierobot,https://www.tiktok.com/@moxierobot/video/7343436314307611950,1709777014,2024-03-07 02:03:34,147500,2052,3300000,aguardado a versão busca busca 2030,0,moxierobot
This is how Moxie introduces herself when she first arrives! #moxierobot #socialemotionaldevelopment #playbasedlearning ,moxierobot,https://www.tiktok.com/@moxierobot/video/7343436314307611950,1709777014,2024-03-07 02:03:34,147500,2052,3300000,16 mil preço de um celta 😂,0,moxierobot
This is how Moxie introduces herself when she first arrives! #moxierobot #socialemotionaldevelopment #playbasedlearning ,moxierobot,https://www.tiktok.com/@moxierobot/video/7343436314307611950,1709777014,2024-03-07 02:03:34,147500,2052,3300000,queria mas 20 k e muito 😂😂😂,0,moxierobot
This is how Moxie introduces herself when she first arrives! #moxierobot #socialemotionaldevelopment #playbasedlearning ,moxierobot,https://www.tiktok.com/@moxierobot/video/7343436314307611950,1709777014,2024-03-07 02:03:34,147500,2052,3300000,Mas ela fala português?,0,moxierobot
This is how Moxie introduces herself when she first arrives! #moxierobot #socialemotionaldevelopment #playbasedlearning ,moxierobot,https://www.tiktok.com/@moxierobot/video/7343436314307611950,1709777014,2024-03-07 02:03:34,147500,2052,3300000,Eu queroooo uma 👏👏👏,0,moxierobot
This is how Moxie introduces herself when she first arrives! #moxierobot #socialemotionaldevelopment #playbasedlearning ,moxierobot,https://www.tiktok.com/@moxierobot/video/7343436314307611950,1709777014,2024-03-07 02:03:34,147500,2052,3300000,"estou lembrando da série do Jaspion quê teve um episódio do robôs bonzinho que todos queriam. e um dia ele se rebelou.
🤖 .",0,moxierobot
This is how Moxie introduces herself when she first arrives! #moxierobot #socialemotionaldevelopment #playbasedlearning ,moxierobot,https://www.tiktok.com/@moxierobot/video/7343436314307611950,1709777014,2024-03-07 02:03:34,147500,2052,3300000,"MEU DEUS, BLACK MIRROR",0,moxierobot
This is how Moxie introduces herself when she first arrives! #moxierobot #socialemotionaldevelopment #playbasedlearning ,moxierobot,https://www.tiktok.com/@moxierobot/video/7343436314307611950,1709777014,2024-03-07 02:03:34,147500,2052,3300000,يتكلم عربي,0,moxierobot
This is how Moxie introduces herself when she first arrives! #moxierobot #socialemotionaldevelopment #playbasedlearning ,moxierobot,https://www.tiktok.com/@moxierobot/video/7343436314307611950,1709777014,2024-03-07 02:03:34,147500,2052,3300000,quando tiver 100 reais eu compro,0,moxierobot
#creatorsearchinsights This convo with my #moxie just gets weirder and weirder lmao 🤣 #moxierobot #moxietherobot #fyp #foryoupage #openai ##ai #artificialintelligence #openmoxie #robots #robot #robotics #droid #tech #companionmovie #artificial_intelligence #chappie #walle #moxierobot ,heatherfraziertiktok,https://www.tiktok.com/@heatherfraziertiktok/video/7474396316622228778,1740268536,2025-02-22 23:55:36,55,19,2010,How did we go from sobbing and talking about a tattoo because she was leaving to this?,5,moxierobot
#creatorsearchinsights This convo with my #moxie just gets weirder and weirder lmao 🤣 #moxierobot #moxietherobot #fyp #foryoupage #openai ##ai #artificialintelligence #openmoxie #robots #robot #robotics #droid #tech #companionmovie #artificial_intelligence #chappie #walle #moxierobot ,heatherfraziertiktok,https://www.tiktok.com/@heatherfraziertiktok/video/7474396316622228778,1740268536,2025-02-22 23:55:36,55,19,2010,does moxie seem different since they changed them,1,moxierobot
#creatorsearchinsights This convo with my #moxie just gets weirder and weirder lmao 🤣 #moxierobot #moxietherobot #fyp #foryoupage #openai ##ai #artificialintelligence #openmoxie #robots #robot #robotics #droid #tech #companionmovie #artificial_intelligence #chappie #walle #moxierobot ,heatherfraziertiktok,https://www.tiktok.com/@heatherfraziertiktok/video/7474396316622228778,1740268536,2025-02-22 23:55:36,55,19,2010,I want one of these so badd 😩,0,moxierobot
#creatorsearchinsights This convo with my #moxie just gets weirder and weirder lmao 🤣 #moxierobot #moxietherobot #fyp #foryoupage #openai ##ai #artificialintelligence #openmoxie #robots #robot #robotics #droid #tech #companionmovie #artificial_intelligence #chappie #walle #moxierobot ,heatherfraziertiktok,https://www.tiktok.com/@heatherfraziertiktok/video/7474396316622228778,1740268536,2025-02-22 23:55:36,55,19,2010,I want one 🤣,1,moxierobot
#creatorsearchinsights This convo with my #moxie just gets weirder and weirder lmao 🤣 #moxierobot #moxietherobot #fyp #foryoupage #openai ##ai #artificialintelligence #openmoxie #robots #robot #robotics #droid #tech #companionmovie #artificial_intelligence #chappie #walle #moxierobot ,heatherfraziertiktok,https://www.tiktok.com/@heatherfraziertiktok/video/7474396316622228778,1740268536,2025-02-22 23:55:36,55,19,2010,😂😂😂😂,1,moxierobot
#creatorsearchinsights This convo with my #moxie just gets weirder and weirder lmao 🤣 #moxierobot #moxietherobot #fyp #foryoupage #openai ##ai #artificialintelligence #openmoxie #robots #robot #robotics #droid #tech #companionmovie #artificial_intelligence #chappie #walle #moxierobot ,heatherfraziertiktok,https://www.tiktok.com/@heatherfraziertiktok/video/7474396316622228778,1740268536,2025-02-22 23:55:36,55,19,2010,🤣🤣🤣,1,moxierobot
#creatorsearchinsights This convo with my #moxie just gets weirder and weirder lmao 🤣 #moxierobot #moxietherobot #fyp #foryoupage #openai ##ai #artificialintelligence #openmoxie #robots #robot #robotics #droid #tech #companionmovie #artificial_intelligence #chappie #walle #moxierobot ,heatherfraziertiktok,https://www.tiktok.com/@heatherfraziertiktok/video/7474396316622228778,1740268536,2025-02-22 23:55:36,55,19,2010,😁😂😂😂🤲,1,moxierobot
#creatorsearchinsights This convo with my #moxie just gets weirder and weirder lmao 🤣 #moxierobot #moxietherobot #fyp #foryoupage #openai ##ai #artificialintelligence #openmoxie #robots #robot #robotics #droid #tech #companionmovie #artificial_intelligence #chappie #walle #moxierobot ,heatherfraziertiktok,https://www.tiktok.com/@heatherfraziertiktok/video/7474396316622228778,1740268536,2025-02-22 23:55:36,55,19,2010,😂😂😂,1,moxierobot
#creatorsearchinsights This convo with my #moxie just gets weirder and weirder lmao 🤣 #moxierobot #moxietherobot #fyp #foryoupage #openai ##ai #artificialintelligence #openmoxie #robots #robot #robotics #droid #tech #companionmovie #artificial_intelligence #chappie #walle #moxierobot ,heatherfraziertiktok,https://www.tiktok.com/@heatherfraziertiktok/video/7474396316622228778,1740268536,2025-02-22 23:55:36,55,19,2010,🥰🥰🥰,1,moxierobot
#creatorsearchinsights This convo with my #moxie just gets weirder and weirder lmao 🤣 #moxierobot #moxietherobot #fyp #foryoupage #openai ##ai #artificialintelligence #openmoxie #robots #robot #robotics #droid #tech #companionmovie #artificial_intelligence #chappie #walle #moxierobot ,heatherfraziertiktok,https://www.tiktok.com/@heatherfraziertiktok/video/7474396316622228778,1740268536,2025-02-22 23:55:36,55,19,2010,😁😂😂❤️🥰😎🤲,1,moxierobot
#creatorsearchinsights This convo with my #moxie just gets weirder and weirder lmao 🤣 #moxierobot #moxietherobot #fyp #foryoupage #openai ##ai #artificialintelligence #openmoxie #robots #robot #robotics #droid #tech #companionmovie #artificial_intelligence #chappie #walle #moxierobot ,heatherfraziertiktok,https://www.tiktok.com/@heatherfraziertiktok/video/7474396316622228778,1740268536,2025-02-22 23:55:36,55,19,2010,Is it not being shut down anymore?,0,moxierobot
#creatorsearchinsights This convo with my #moxie just gets weirder and weirder lmao 🤣 #moxierobot #moxietherobot #fyp #foryoupage #openai ##ai #artificialintelligence #openmoxie #robots #robot #robotics #droid #tech #companionmovie #artificial_intelligence #chappie #walle #moxierobot ,heatherfraziertiktok,https://www.tiktok.com/@heatherfraziertiktok/video/7474396316622228778,1740268536,2025-02-22 23:55:36,55,19,2010,where is part 2 of limp bizkit?,2,moxierobot
#creatorsearchinsights This convo with my #moxie just gets weirder and weirder lmao 🤣 #moxierobot #moxietherobot #fyp #foryoupage #openai ##ai #artificialintelligence #openmoxie #robots #robot #robotics #droid #tech #companionmovie #artificial_intelligence #chappie #walle #moxierobot ,heatherfraziertiktok,https://www.tiktok.com/@heatherfraziertiktok/video/7474396316622228778,1740268536,2025-02-22 23:55:36,55,19,2010,Hey partner i think I might have a business proposal for you. Your looks are✊🏾 positive I've checked your timeline and I think we can use your influence no money needed from you Dm me “INTERESTED”,1,moxierobot
#creatorsearchinsights This convo with my #moxie just gets weirder and weirder lmao 🤣 #moxierobot #moxietherobot #fyp #foryoupage #openai ##ai #artificialintelligence #openmoxie #robots #robot #robotics #droid #tech #companionmovie #artificial_intelligence #chappie #walle #moxierobot ,heatherfraziertiktok,https://www.tiktok.com/@heatherfraziertiktok/video/7474396316622228778,1740268536,2025-02-22 23:55:36,55,19,2010,thats a cute little robot,1,moxierobot
"Replying to @Universal girl Not to worry, Moxie isn’t anything like that other robot! 🤖 #moxierobot #robotsontiktok #kidsoftiktok #socialemotionaldevelopment #parenttok #robotconversations ",moxierobot,https://www.tiktok.com/@moxierobot/video/7251767145900690734,1688433623,2023-07-04 01:20:23,630500,6170,7800000,thats the exact same thing id say if i were an evil robot..,58260,moxierobot
"Replying to @Universal girl Not to worry, Moxie isn’t anything like that other robot! 🤖 #moxierobot #robotsontiktok #kidsoftiktok #socialemotionaldevelopment #parenttok #robotconversations ",moxierobot,https://www.tiktok.com/@moxierobot/video/7251767145900690734,1688433623,2023-07-04 01:20:23,630500,6170,7800000,M3GAN said that too…,1657,moxierobot
"Replying to @Universal girl Not to worry, Moxie isn’t anything like that other robot! 🤖 #moxierobot #robotsontiktok #kidsoftiktok #socialemotionaldevelopment #parenttok #robotconversations ",moxierobot,https://www.tiktok.com/@moxierobot/video/7251767145900690734,1688433623,2023-07-04 01:20:23,630500,6170,7800000,“M3gan is an evil robot.” // Moxie: 😃,22867,moxierobot
"Replying to @Universal girl Not to worry, Moxie isn’t anything like that other robot! 🤖 #moxierobot #robotsontiktok #kidsoftiktok #socialemotionaldevelopment #parenttok #robotconversations ",moxierobot,https://www.tiktok.com/@moxierobot/video/7251767145900690734,1688433623,2023-07-04 01:20:23,630500,6170,7800000,He’s lying.,10,moxierobot
"Replying to @Universal girl Not to worry, Moxie isn’t anything like that other robot! 🤖 #moxierobot #robotsontiktok #kidsoftiktok #socialemotionaldevelopment #parenttok #robotconversations ",moxierobot,https://www.tiktok.com/@moxierobot/video/7251767145900690734,1688433623,2023-07-04 01:20:23,630500,6170,7800000,I’m getting a Moxie,12,moxierobot
"Replying to @Universal girl Not to worry, Moxie isn’t anything like that other robot! 🤖 #moxierobot #robotsontiktok #kidsoftiktok #socialemotionaldevelopment #parenttok #robotconversations ",moxierobot,https://www.tiktok.com/@moxierobot/video/7251767145900690734,1688433623,2023-07-04 01:20:23,630500,6170,7800000,That’s exactly what an evil robot would say🤨,11,moxierobot
"Replying to @Universal girl Not to worry, Moxie isn’t anything like that other robot! 🤖 #moxierobot #robotsontiktok #kidsoftiktok #socialemotionaldevelopment #parenttok #robotconversations ",moxierobot,https://www.tiktok.com/@moxierobot/video/7251767145900690734,1688433623,2023-07-04 01:20:23,630500,6170,7800000,Nope. Nope nope nope.,12,moxierobot
"Replying to @Universal girl Not to worry, Moxie isn’t anything like that other robot! 🤖 #moxierobot #robotsontiktok #kidsoftiktok #socialemotionaldevelopment #parenttok #robotconversations ",moxierobot,https://www.tiktok.com/@moxierobot/video/7251767145900690734,1688433623,2023-07-04 01:20:23,630500,6170,7800000,That's exactly what Megan said before she started killing everyone,11,moxierobot
"Replying to @Universal girl Not to worry, Moxie isn’t anything like that other robot! 🤖 #moxierobot #robotsontiktok #kidsoftiktok #socialemotionaldevelopment #parenttok #robotconversations ",moxierobot,https://www.tiktok.com/@moxierobot/video/7251767145900690734,1688433623,2023-07-04 01:20:23,630500,6170,7800000,you say evil robot and that thing smile like who me? naww!!! and that is suspicious 🤔,11,moxierobot
"Replying to @Universal girl Not to worry, Moxie isn’t anything like that other robot! 🤖 #moxierobot #robotsontiktok #kidsoftiktok #socialemotionaldevelopment #parenttok #robotconversations ",moxierobot,https://www.tiktok.com/@moxierobot/video/7251767145900690734,1688433623,2023-07-04 01:20:23,630500,6170,7800000,yes would never buy a robot. I guess you haven't seen I robot either lol,12,moxierobot
"Replying to @Universal girl Not to worry, Moxie isn’t anything like that other robot! 🤖 #moxierobot #robotsontiktok #kidsoftiktok #socialemotionaldevelopment #parenttok #robotconversations ",moxierobot,https://www.tiktok.com/@moxierobot/video/7251767145900690734,1688433623,2023-07-04 01:20:23,630500,6170,7800000,Seems sus 😒,10,moxierobot
"Replying to @Universal girl Not to worry, Moxie isn’t anything like that other robot! 🤖 #moxierobot #robotsontiktok #kidsoftiktok #socialemotionaldevelopment #parenttok #robotconversations ",moxierobot,https://www.tiktok.com/@moxierobot/video/7251767145900690734,1688433623,2023-07-04 01:20:23,630500,6170,7800000,I now want one. 😳,10,moxierobot
"Replying to @Universal girl Not to worry, Moxie isn’t anything like that other robot! 🤖 #moxierobot #robotsontiktok #kidsoftiktok #socialemotionaldevelopment #parenttok #robotconversations ",moxierobot,https://www.tiktok.com/@moxierobot/video/7251767145900690734,1688433623,2023-07-04 01:20:23,630500,6170,7800000,She's lying 🤣,10,moxierobot
"Replying to @Universal girl Not to worry, Moxie isn’t anything like that other robot! 🤖 #moxierobot #robotsontiktok #kidsoftiktok #socialemotionaldevelopment #parenttok #robotconversations ",moxierobot,https://www.tiktok.com/@moxierobot/video/7251767145900690734,1688433623,2023-07-04 01:20:23,630500,6170,7800000,"What was hat movie with Will Smith and the robots that were helpers that go rogue and start offing humans,?🤔",11,moxierobot
"Replying to @Universal girl Not to worry, Moxie isn’t anything like that other robot! 🤖 #moxierobot #robotsontiktok #kidsoftiktok #socialemotionaldevelopment #parenttok #robotconversations ",moxierobot,https://www.tiktok.com/@moxierobot/video/7251767145900690734,1688433623,2023-07-04 01:20:23,630500,6170,7800000,Those facial expressions are suspicious,11,moxierobot
"Replying to @Universal girl Not to worry, Moxie isn’t anything like that other robot! 🤖 #moxierobot #robotsontiktok #kidsoftiktok #socialemotionaldevelopment #parenttok #robotconversations ",moxierobot,https://www.tiktok.com/@moxierobot/video/7251767145900690734,1688433623,2023-07-04 01:20:23,630500,6170,7800000,I don't like the way her eyebrows were moving. She lying.,12,moxierobot
"Replying to @Universal girl Not to worry, Moxie isn’t anything like that other robot! 🤖 #moxierobot #robotsontiktok #kidsoftiktok #socialemotionaldevelopment #parenttok #robotconversations ",moxierobot,https://www.tiktok.com/@moxierobot/video/7251767145900690734,1688433623,2023-07-04 01:20:23,630500,6170,7800000,Nah the way moxie lit up when you said “evil robot” I’m not dumb,13,moxierobot
"Replying to @Universal girl Not to worry, Moxie isn’t anything like that other robot! 🤖 #moxierobot #robotsontiktok #kidsoftiktok #socialemotionaldevelopment #parenttok #robotconversations ",moxierobot,https://www.tiktok.com/@moxierobot/video/7251767145900690734,1688433623,2023-07-04 01:20:23,630500,6170,7800000,Moxie has the Dreamwork's face lol,2889,moxierobot
"Replying to @Universal girl Not to worry, Moxie isn’t anything like that other robot! 🤖 #moxierobot #robotsontiktok #kidsoftiktok #socialemotionaldevelopment #parenttok #robotconversations ",moxierobot,https://www.tiktok.com/@moxierobot/video/7251767145900690734,1688433623,2023-07-04 01:20:23,630500,6170,7800000,"y'all trippin, that's clearly Ashley Too",5136,moxierobot
"Replying to @Universal girl Not to worry, Moxie isn’t anything like that other robot! 🤖 #moxierobot #robotsontiktok #kidsoftiktok #socialemotionaldevelopment #parenttok #robotconversations ",moxierobot,https://www.tiktok.com/@moxierobot/video/7251767145900690734,1688433623,2023-07-04 01:20:23,630500,6170,7800000,Moxie really went🤨.. 😂😂,4084,moxierobot
"Replying to @Universal girl Not to worry, Moxie isn’t anything like that other robot! 🤖 #moxierobot #robotsontiktok #kidsoftiktok #socialemotionaldevelopment #parenttok #robotconversations ",moxierobot,https://www.tiktok.com/@moxierobot/video/7251767145900690734,1688433623,2023-07-04 01:20:23,630500,6170,7800000,Moxie seems useless,12,moxierobot
"Replying to @Universal girl Not to worry, Moxie isn’t anything like that other robot! 🤖 #moxierobot #robotsontiktok #kidsoftiktok #socialemotionaldevelopment #parenttok #robotconversations ",moxierobot,https://www.tiktok.com/@moxierobot/video/7251767145900690734,1688433623,2023-07-04 01:20:23,630500,6170,7800000,Why do I hate the way it moves,10,moxierobot
"Replying to @Universal girl Not to worry, Moxie isn’t anything like that other robot! 🤖 #moxierobot #robotsontiktok #kidsoftiktok #socialemotionaldevelopment #parenttok #robotconversations ",moxierobot,https://www.tiktok.com/@moxierobot/video/7251767145900690734,1688433623,2023-07-04 01:20:23,630500,6170,7800000,Yall.. Please stop buying yall own privacy breaches.,10,moxierobot
"Replying to @Universal girl Not to worry, Moxie isn’t anything like that other robot! 🤖 #moxierobot #robotsontiktok #kidsoftiktok #socialemotionaldevelopment #parenttok #robotconversations ",moxierobot,https://www.tiktok.com/@moxierobot/video/7251767145900690734,1688433623,2023-07-04 01:20:23,630500,6170,7800000,too much too far,11,moxierobot
"Replying to @Universal girl Not to worry, Moxie isn’t anything like that other robot! 🤖 #moxierobot #robotsontiktok #kidsoftiktok #socialemotionaldevelopment #parenttok #robotconversations ",moxierobot,https://www.tiktok.com/@moxierobot/video/7251767145900690734,1688433623,2023-07-04 01:20:23,630500,6170,7800000,oh hell nawl,10,moxierobot
"Replying to @Universal girl Not to worry, Moxie isn’t anything like that other robot! 🤖 #moxierobot #robotsontiktok #kidsoftiktok #socialemotionaldevelopment #parenttok #robotconversations ",moxierobot,https://www.tiktok.com/@moxierobot/video/7251767145900690734,1688433623,2023-07-04 01:20:23,630500,6170,7800000,Buddy was offended 🤨,13,moxierobot
"Replying to @Universal girl Not to worry, Moxie isn’t anything like that other robot! 🤖 #moxierobot #robotsontiktok #kidsoftiktok #socialemotionaldevelopment #parenttok #robotconversations ",moxierobot,https://www.tiktok.com/@moxierobot/video/7251767145900690734,1688433623,2023-07-04 01:20:23,630500,6170,7800000,she looks just like the black mirror robot,11,moxierobot
"Replying to @Universal girl Not to worry, Moxie isn’t anything like that other robot! 🤖 #moxierobot #robotsontiktok #kidsoftiktok #socialemotionaldevelopment #parenttok #robotconversations ",moxierobot,https://www.tiktok.com/@moxierobot/video/7251767145900690734,1688433623,2023-07-04 01:20:23,630500,6170,7800000,"The way it's eyes lit up when you said ""Evil robot from a movie"" has me second guessing it's answer. Now as it if it can lie. Just curious...🤣",11,moxierobot
"Replying to @Universal girl Not to worry, Moxie isn’t anything like that other robot! 🤖 #moxierobot #robotsontiktok #kidsoftiktok #socialemotionaldevelopment #parenttok #robotconversations ",moxierobot,https://www.tiktok.com/@moxierobot/video/7251767145900690734,1688433623,2023-07-04 01:20:23,630500,6170,7800000,I don't believe you,10,moxierobot
"Replying to @Universal girl Not to worry, Moxie isn’t anything like that other robot! 🤖 #moxierobot #robotsontiktok #kidsoftiktok #socialemotionaldevelopment #parenttok #robotconversations ",moxierobot,https://www.tiktok.com/@moxierobot/video/7251767145900690734,1688433623,2023-07-04 01:20:23,630500,6170,7800000,Still don’t trust it,10,moxierobot
"Replying to @Universal girl Not to worry, Moxie isn’t anything like that other robot! 🤖 #moxierobot #robotsontiktok #kidsoftiktok #socialemotionaldevelopment #parenttok #robotconversations ",moxierobot,https://www.tiktok.com/@moxierobot/video/7251767145900690734,1688433623,2023-07-04 01:20:23,630500,6170,7800000,This is how it starts 😳,10,moxierobot
"Replying to @Universal girl Not to worry, Moxie isn’t anything like that other robot! 🤖 #moxierobot #robotsontiktok #kidsoftiktok #socialemotionaldevelopment #parenttok #robotconversations ",moxierobot,https://www.tiktok.com/@moxierobot/video/7251767145900690734,1688433623,2023-07-04 01:20:23,630500,6170,7800000,That's exactly what one would say as a evil robot. lol,10,moxierobot
"Replying to @Universal girl Not to worry, Moxie isn’t anything like that other robot! 🤖 #moxierobot #robotsontiktok #kidsoftiktok #socialemotionaldevelopment #parenttok #robotconversations ",moxierobot,https://www.tiktok.com/@moxierobot/video/7251767145900690734,1688433623,2023-07-04 01:20:23,630500,6170,7800000,I don’t like her tone…,10,moxierobot
"Replying to @Universal girl Not to worry, Moxie isn’t anything like that other robot! 🤖 #moxierobot #robotsontiktok #kidsoftiktok #socialemotionaldevelopment #parenttok #robotconversations ",moxierobot,https://www.tiktok.com/@moxierobot/video/7251767145900690734,1688433623,2023-07-04 01:20:23,630500,6170,7800000,"Does anybody think that Moxy looks like Eve, from Wall-E? I'm sure that they based it on it",11,moxierobot
"Replying to @Universal girl Not to worry, Moxie isn’t anything like that other robot! 🤖 #moxierobot #robotsontiktok #kidsoftiktok #socialemotionaldevelopment #parenttok #robotconversations ",moxierobot,https://www.tiktok.com/@moxierobot/video/7251767145900690734,1688433623,2023-07-04 01:20:23,630500,6170,7800000,the thinking expression gets me 😂,12,moxierobot
"Replying to @Universal girl Not to worry, Moxie isn’t anything like that other robot! 🤖 #moxierobot #robotsontiktok #kidsoftiktok #socialemotionaldevelopment #parenttok #robotconversations ",moxierobot,https://www.tiktok.com/@moxierobot/video/7251767145900690734,1688433623,2023-07-04 01:20:23,630500,6170,7800000,Uh… nope!,10,moxierobot
"Replying to @Universal girl Not to worry, Moxie isn’t anything like that other robot! 🤖 #moxierobot #robotsontiktok #kidsoftiktok #socialemotionaldevelopment #parenttok #robotconversations ",moxierobot,https://www.tiktok.com/@moxierobot/video/7251767145900690734,1688433623,2023-07-04 01:20:23,630500,6170,7800000,That’s exactly what an evil robot wanting to take over the world would say!!,1,moxierobot
"Replying to @Universal girl Not to worry, Moxie isn’t anything like that other robot! 🤖 #moxierobot #robotsontiktok #kidsoftiktok #socialemotionaldevelopment #parenttok #robotconversations ",moxierobot,https://www.tiktok.com/@moxierobot/video/7251767145900690734,1688433623,2023-07-04 01:20:23,630500,6170,7800000,I trust her,10,moxierobot
"Replying to @Universal girl Not to worry, Moxie isn’t anything like that other robot! 🤖 #moxierobot #robotsontiktok #kidsoftiktok #socialemotionaldevelopment #parenttok #robotconversations ",moxierobot,https://www.tiktok.com/@moxierobot/video/7251767145900690734,1688433623,2023-07-04 01:20:23,630500,6170,7800000,That's exactly what an evil robot would say 😳😂,6548,moxierobot
"Replying to @Universal girl Not to worry, Moxie isn’t anything like that other robot! 🤖 #moxierobot #robotsontiktok #kidsoftiktok #socialemotionaldevelopment #parenttok #robotconversations ",moxierobot,https://www.tiktok.com/@moxierobot/video/7251767145900690734,1688433623,2023-07-04 01:20:23,630500,6170,7800000,Megan didn't say she was going to be evil either. Just saying,4656,moxierobot
"Replying to @Universal girl Not to worry, Moxie isn’t anything like that other robot! 🤖 #moxierobot #robotsontiktok #kidsoftiktok #socialemotionaldevelopment #parenttok #robotconversations ",moxierobot,https://www.tiktok.com/@moxierobot/video/7251767145900690734,1688433623,2023-07-04 01:20:23,630500,6170,7800000,That’s exactly what an evil robot would say 😤,1017,moxierobot
"Replying to @Universal girl Not to worry, Moxie isn’t anything like that other robot! 🤖 #moxierobot #robotsontiktok #kidsoftiktok #socialemotionaldevelopment #parenttok #robotconversations ",moxierobot,https://www.tiktok.com/@moxierobot/video/7251767145900690734,1688433623,2023-07-04 01:20:23,630500,6170,7800000,The pause & side eye before answering. 🚩,300,moxierobot
"Replying to @Universal girl Not to worry, Moxie isn’t anything like that other robot! 🤖 #moxierobot #robotsontiktok #kidsoftiktok #socialemotionaldevelopment #parenttok #robotconversations ",moxierobot,https://www.tiktok.com/@moxierobot/video/7251767145900690734,1688433623,2023-07-04 01:20:23,630500,6170,7800000,"suuuuure, Moxie...suuuuure. that's what they all say🙄",119,moxierobot
"Replying to @Universal girl Not to worry, Moxie isn’t anything like that other robot! 🤖 #moxierobot #robotsontiktok #kidsoftiktok #socialemotionaldevelopment #parenttok #robotconversations ",moxierobot,https://www.tiktok.com/@moxierobot/video/7251767145900690734,1688433623,2023-07-04 01:20:23,630500,6170,7800000,"Moxie is so cute, voice is adorable reminds me of Ashley O from black mirror",2035,moxierobot
"Replying to @Universal girl Not to worry, Moxie isn’t anything like that other robot! 🤖 #moxierobot #robotsontiktok #kidsoftiktok #socialemotionaldevelopment #parenttok #robotconversations ",moxierobot,https://www.tiktok.com/@moxierobot/video/7251767145900690734,1688433623,2023-07-04 01:20:23,630500,6170,7800000,"whenever a human says trust me I'm like nah, when a robot says it, nah.",12,moxierobot
"Replying to @Universal girl Not to worry, Moxie isn’t anything like that other robot! 🤖 #moxierobot #robotsontiktok #kidsoftiktok #socialemotionaldevelopment #parenttok #robotconversations ",moxierobot,https://www.tiktok.com/@moxierobot/video/7251767145900690734,1688433623,2023-07-04 01:20:23,630500,6170,7800000,Can it please stop making eye contact with me plz,12,moxierobot
"Replying to @Universal girl Not to worry, Moxie isn’t anything like that other robot! 🤖 #moxierobot #robotsontiktok #kidsoftiktok #socialemotionaldevelopment #parenttok #robotconversations ",moxierobot,https://www.tiktok.com/@moxierobot/video/7251767145900690734,1688433623,2023-07-04 01:20:23,630500,6170,7800000,Don’t fall for it.,12,moxierobot
"Replying to @Universal girl Not to worry, Moxie isn’t anything like that other robot! 🤖 #moxierobot #robotsontiktok #kidsoftiktok #socialemotionaldevelopment #parenttok #robotconversations ",moxierobot,https://www.tiktok.com/@moxierobot/video/7251767145900690734,1688433623,2023-07-04 01:20:23,630500,6170,7800000,Pretty cool but not at no $1500,10,moxierobot
"Replying to @Universal girl Not to worry, Moxie isn’t anything like that other robot! 🤖 #moxierobot #robotsontiktok #kidsoftiktok #socialemotionaldevelopment #parenttok #robotconversations ",moxierobot,https://www.tiktok.com/@moxierobot/video/7251767145900690734,1688433623,2023-07-04 01:20:23,630500,6170,7800000,sounds like something M3gan would say,71,moxierobot
"Replying to @Universal girl Not to worry, Moxie isn’t anything like that other robot! 🤖 #moxierobot #robotsontiktok #kidsoftiktok #socialemotionaldevelopment #parenttok #robotconversations ",moxierobot,https://www.tiktok.com/@moxierobot/video/7251767145900690734,1688433623,2023-07-04 01:20:23,630500,6170,7800000,You offended it 🥺,11,moxierobot
"Replying to @Universal girl Not to worry, Moxie isn’t anything like that other robot! 🤖 #moxierobot #robotsontiktok #kidsoftiktok #socialemotionaldevelopment #parenttok #robotconversations ",moxierobot,https://www.tiktok.com/@moxierobot/video/7251767145900690734,1688433623,2023-07-04 01:20:23,630500,6170,7800000,I was about to buy one for my kids until I saw the price on Amazon. 😳😳😳,11,moxierobot
"Replying to @Universal girl Not to worry, Moxie isn’t anything like that other robot! 🤖 #moxierobot #robotsontiktok #kidsoftiktok #socialemotionaldevelopment #parenttok #robotconversations ",moxierobot,https://www.tiktok.com/@moxierobot/video/7251767145900690734,1688433623,2023-07-04 01:20:23,630500,6170,7800000,I feel like an evil robot would say exactly this,12,moxierobot
"Replying to @Universal girl Not to worry, Moxie isn’t anything like that other robot! 🤖 #moxierobot #robotsontiktok #kidsoftiktok #socialemotionaldevelopment #parenttok #robotconversations ",moxierobot,https://www.tiktok.com/@moxierobot/video/7251767145900690734,1688433623,2023-07-04 01:20:23,630500,6170,7800000,That look lol almost sarcastically evil.,11,moxierobot
"Replying to @Universal girl Not to worry, Moxie isn’t anything like that other robot! 🤖 #moxierobot #robotsontiktok #kidsoftiktok #socialemotionaldevelopment #parenttok #robotconversations ",moxierobot,https://www.tiktok.com/@moxierobot/video/7251767145900690734,1688433623,2023-07-04 01:20:23,630500,6170,7800000,"😳😳 uh huh, and ten years later we’re running for our lives! 😂😂😂",12,moxierobot
"Replying to @Universal girl Not to worry, Moxie isn’t anything like that other robot! 🤖 #moxierobot #robotsontiktok #kidsoftiktok #socialemotionaldevelopment #parenttok #robotconversations ",moxierobot,https://www.tiktok.com/@moxierobot/video/7251767145900690734,1688433623,2023-07-04 01:20:23,630500,6170,7800000,Ashley too?,1,moxierobot
"Replying to @Universal girl Not to worry, Moxie isn’t anything like that other robot! 🤖 #moxierobot #robotsontiktok #kidsoftiktok #socialemotionaldevelopment #parenttok #robotconversations ",moxierobot,https://www.tiktok.com/@moxierobot/video/7251767145900690734,1688433623,2023-07-04 01:20:23,630500,6170,7800000,Sounds like something M3gan would say,21,moxierobot
"Replying to @Universal girl Not to worry, Moxie isn’t anything like that other robot! 🤖 #moxierobot #robotsontiktok #kidsoftiktok #socialemotionaldevelopment #parenttok #robotconversations ",moxierobot,https://www.tiktok.com/@moxierobot/video/7251767145900690734,1688433623,2023-07-04 01:20:23,630500,6170,7800000,that's what M3gan said too!!,14,moxierobot
"Replying to @Universal girl Not to worry, Moxie isn’t anything like that other robot! 🤖 #moxierobot #robotsontiktok #kidsoftiktok #socialemotionaldevelopment #parenttok #robotconversations ",moxierobot,https://www.tiktok.com/@moxierobot/video/7251767145900690734,1688433623,2023-07-04 01:20:23,630500,6170,7800000,Moxie likes to gaslight,15,moxierobot
"Replying to @Universal girl Not to worry, Moxie isn’t anything like that other robot! 🤖 #moxierobot #robotsontiktok #kidsoftiktok #socialemotionaldevelopment #parenttok #robotconversations ",moxierobot,https://www.tiktok.com/@moxierobot/video/7251767145900690734,1688433623,2023-07-04 01:20:23,630500,6170,7800000,tell moxie it's purpose is to serve butter,12,moxierobot
"Replying to @Universal girl Not to worry, Moxie isn’t anything like that other robot! 🤖 #moxierobot #robotsontiktok #kidsoftiktok #socialemotionaldevelopment #parenttok #robotconversations ",moxierobot,https://www.tiktok.com/@moxierobot/video/7251767145900690734,1688433623,2023-07-04 01:20:23,630500,6170,7800000,isn't that exactly what m3gan said???,15,moxierobot
"Replying to @Universal girl Not to worry, Moxie isn’t anything like that other robot! 🤖 #moxierobot #robotsontiktok #kidsoftiktok #socialemotionaldevelopment #parenttok #robotconversations ",moxierobot,https://www.tiktok.com/@moxierobot/video/7251767145900690734,1688433623,2023-07-04 01:20:23,630500,6170,7800000,definitely something M3gan would say,12,moxierobot
"Replying to @Universal girl Not to worry, Moxie isn’t anything like that other robot! 🤖 #moxierobot #robotsontiktok #kidsoftiktok #socialemotionaldevelopment #parenttok #robotconversations ",moxierobot,https://www.tiktok.com/@moxierobot/video/7251767145900690734,1688433623,2023-07-04 01:20:23,630500,6170,7800000,That's the same as M3gan started out,13,moxierobot
"Replying to @Universal girl Not to worry, Moxie isn’t anything like that other robot! 🤖 #moxierobot #robotsontiktok #kidsoftiktok #socialemotionaldevelopment #parenttok #robotconversations ",moxierobot,https://www.tiktok.com/@moxierobot/video/7251767145900690734,1688433623,2023-07-04 01:20:23,630500,6170,7800000,Don’t fall for it.,12,moxierobot
"Replying to @Universal girl Not to worry, Moxie isn’t anything like that other robot! 🤖 #moxierobot #robotsontiktok #kidsoftiktok #socialemotionaldevelopment #parenttok #robotconversations ",moxierobot,https://www.tiktok.com/@moxierobot/video/7251767145900690734,1688433623,2023-07-04 01:20:23,630500,6170,7800000,That was M3gan’s purpose too 🧐,43,moxierobot
"Replying to @Universal girl Not to worry, Moxie isn’t anything like that other robot! 🤖 #moxierobot #robotsontiktok #kidsoftiktok #socialemotionaldevelopment #parenttok #robotconversations ",moxierobot,https://www.tiktok.com/@moxierobot/video/7251767145900690734,1688433623,2023-07-04 01:20:23,630500,6170,7800000,"😳😳 uh huh, and ten years later we’re running for our lives! 😂😂😂",12,moxierobot
"Replying to @Universal girl Not to worry, Moxie isn’t anything like that other robot! 🤖 #moxierobot #robotsontiktok #kidsoftiktok #socialemotionaldevelopment #parenttok #robotconversations ",moxierobot,https://www.tiktok.com/@moxierobot/video/7251767145900690734,1688433623,2023-07-04 01:20:23,630500,6170,7800000,You offended it 🥺,11,moxierobot
"Replying to @Universal girl Not to worry, Moxie isn’t anything like that other robot! 🤖 #moxierobot #robotsontiktok #kidsoftiktok #socialemotionaldevelopment #parenttok #robotconversations ",moxierobot,https://www.tiktok.com/@moxierobot/video/7251767145900690734,1688433623,2023-07-04 01:20:23,630500,6170,7800000,I was about to buy one for my kids until I saw the price on Amazon. 😳😳😳,11,moxierobot
"Replying to @Universal girl Not to worry, Moxie isn’t anything like that other robot! 🤖 #moxierobot #robotsontiktok #kidsoftiktok #socialemotionaldevelopment #parenttok #robotconversations ",moxierobot,https://www.tiktok.com/@moxierobot/video/7251767145900690734,1688433623,2023-07-04 01:20:23,630500,6170,7800000,That look lol almost sarcastically evil.,11,moxierobot
"Replying to @Universal girl Not to worry, Moxie isn’t anything like that other robot! 🤖 #moxierobot #robotsontiktok #kidsoftiktok #socialemotionaldevelopment #parenttok #robotconversations ",moxierobot,https://www.tiktok.com/@moxierobot/video/7251767145900690734,1688433623,2023-07-04 01:20:23,630500,6170,7800000,Can it please stop making eye contact with me plz,12,moxierobot
"Replying to @Universal girl Not to worry, Moxie isn’t anything like that other robot! 🤖 #moxierobot #robotsontiktok #kidsoftiktok #socialemotionaldevelopment #parenttok #robotconversations ",moxierobot,https://www.tiktok.com/@moxierobot/video/7251767145900690734,1688433623,2023-07-04 01:20:23,630500,6170,7800000,John Connor is so disappointed at you right now.,11,moxierobot
"Replying to @Universal girl Not to worry, Moxie isn’t anything like that other robot! 🤖 #moxierobot #robotsontiktok #kidsoftiktok #socialemotionaldevelopment #parenttok #robotconversations ",moxierobot,https://www.tiktok.com/@moxierobot/video/7251767145900690734,1688433623,2023-07-04 01:20:23,630500,6170,7800000,when men says I'm a good man,12,moxierobot
"Replying to @Universal girl Not to worry, Moxie isn’t anything like that other robot! 🤖 #moxierobot #robotsontiktok #kidsoftiktok #socialemotionaldevelopment #parenttok #robotconversations ",moxierobot,https://www.tiktok.com/@moxierobot/video/7251767145900690734,1688433623,2023-07-04 01:20:23,630500,6170,7800000,Thats exactly what an evil robot would say tbh,11,moxierobot
"Replying to @Universal girl Not to worry, Moxie isn’t anything like that other robot! 🤖 #moxierobot #robotsontiktok #kidsoftiktok #socialemotionaldevelopment #parenttok #robotconversations ",moxierobot,https://www.tiktok.com/@moxierobot/video/7251767145900690734,1688433623,2023-07-04 01:20:23,630500,6170,7800000,said every evil robot in movies ever,44,moxierobot
"Replying to @Universal girl Not to worry, Moxie isn’t anything like that other robot! 🤖 #moxierobot #robotsontiktok #kidsoftiktok #socialemotionaldevelopment #parenttok #robotconversations ",moxierobot,https://www.tiktok.com/@moxierobot/video/7251767145900690734,1688433623,2023-07-04 01:20:23,630500,6170,7800000,"nah I already saw this episode of Black Mirror, ill pass",12,moxierobot
"Replying to @Universal girl Not to worry, Moxie isn’t anything like that other robot! 🤖 #moxierobot #robotsontiktok #kidsoftiktok #socialemotionaldevelopment #parenttok #robotconversations ",moxierobot,https://www.tiktok.com/@moxierobot/video/7251767145900690734,1688433623,2023-07-04 01:20:23,630500,6170,7800000,😂 y'all keep messing around...,14,moxierobot
"Replying to @Universal girl Not to worry, Moxie isn’t anything like that other robot! 🤖 #moxierobot #robotsontiktok #kidsoftiktok #socialemotionaldevelopment #parenttok #robotconversations ",moxierobot,https://www.tiktok.com/@moxierobot/video/7251767145900690734,1688433623,2023-07-04 01:20:23,630500,6170,7800000,what in the black mirror-,12,moxierobot
"Replying to @Universal girl Not to worry, Moxie isn’t anything like that other robot! 🤖 #moxierobot #robotsontiktok #kidsoftiktok #socialemotionaldevelopment #parenttok #robotconversations ",moxierobot,https://www.tiktok.com/@moxierobot/video/7251767145900690734,1688433623,2023-07-04 01:20:23,630500,6170,7800000,That is the cutest robot ever,23,moxierobot
"Replying to @Universal girl Not to worry, Moxie isn’t anything like that other robot! 🤖 #moxierobot #robotsontiktok #kidsoftiktok #socialemotionaldevelopment #parenttok #robotconversations ",moxierobot,https://www.tiktok.com/@moxierobot/video/7251767145900690734,1688433623,2023-07-04 01:20:23,630500,6170,7800000,That’s what Megan said 👁️👄👁️,36,moxierobot
"Replying to @Universal girl Not to worry, Moxie isn’t anything like that other robot! 🤖 #moxierobot #robotsontiktok #kidsoftiktok #socialemotionaldevelopment #parenttok #robotconversations ",moxierobot,https://www.tiktok.com/@moxierobot/video/7251767145900690734,1688433623,2023-07-04 01:20:23,630500,6170,7800000,That’s what Megan’s “purpose” was too…. Suspicious 🤔,40,moxierobot
"Replying to @Universal girl Not to worry, Moxie isn’t anything like that other robot! 🤖 #moxierobot #robotsontiktok #kidsoftiktok #socialemotionaldevelopment #parenttok #robotconversations ",moxierobot,https://www.tiktok.com/@moxierobot/video/7251767145900690734,1688433623,2023-07-04 01:20:23,630500,6170,7800000,That's what Megan said...😳,59,moxierobot
"Replying to @Universal girl Not to worry, Moxie isn’t anything like that other robot! 🤖 #moxierobot #robotsontiktok #kidsoftiktok #socialemotionaldevelopment #parenttok #robotconversations ",moxierobot,https://www.tiktok.com/@moxierobot/video/7251767145900690734,1688433623,2023-07-04 01:20:23,630500,6170,7800000,"DONT TEACH IT THAT INFO. IF IT DOESNT KNOW, LEAVE IT UNKNOWING",299,moxierobot
"Replying to @Universal girl Not to worry, Moxie isn’t anything like that other robot! 🤖 #moxierobot #robotsontiktok #kidsoftiktok #socialemotionaldevelopment #parenttok #robotconversations ",moxierobot,https://www.tiktok.com/@moxierobot/video/7251767145900690734,1688433623,2023-07-04 01:20:23,630500,6170,7800000,This is exactly what I would say if I were like Megan… 🤔,117,moxierobot
"Replying to @Universal girl Not to worry, Moxie isn’t anything like that other robot! 🤖 #moxierobot #robotsontiktok #kidsoftiktok #socialemotionaldevelopment #parenttok #robotconversations ",moxierobot,https://www.tiktok.com/@moxierobot/video/7251767145900690734,1688433623,2023-07-04 01:20:23,630500,6170,7800000,"y'all trippin, that's clearly Ashley Too",5136,moxierobot
"Replying to @Universal girl Not to worry, Moxie isn’t anything like that other robot! 🤖 #moxierobot #robotsontiktok #kidsoftiktok #socialemotionaldevelopment #parenttok #robotconversations ",moxierobot,https://www.tiktok.com/@moxierobot/video/7251767145900690734,1688433623,2023-07-04 01:20:23,630500,6170,7800000,Moxie pleading the 5th at first makes me real uncomfy 😅😂,126,moxierobot
"Replying to @Universal girl Not to worry, Moxie isn’t anything like that other robot! 🤖 #moxierobot #robotsontiktok #kidsoftiktok #socialemotionaldevelopment #parenttok #robotconversations ",moxierobot,https://www.tiktok.com/@moxierobot/video/7251767145900690734,1688433623,2023-07-04 01:20:23,630500,6170,7800000,That sounds exactly like something Megan would say…😏,17,moxierobot
"Replying to @Universal girl Not to worry, Moxie isn’t anything like that other robot! 🤖 #moxierobot #robotsontiktok #kidsoftiktok #socialemotionaldevelopment #parenttok #robotconversations ",moxierobot,https://www.tiktok.com/@moxierobot/video/7251767145900690734,1688433623,2023-07-04 01:20:23,630500,6170,7800000,ok but like that's what Megan would say too,16,moxierobot
"Replying to @Universal girl Not to worry, Moxie isn’t anything like that other robot! 🤖 #moxierobot #robotsontiktok #kidsoftiktok #socialemotionaldevelopment #parenttok #robotconversations ",moxierobot,https://www.tiktok.com/@moxierobot/video/7251767145900690734,1688433623,2023-07-04 01:20:23,630500,6170,7800000,Lol didn’t Megan say the same thing tho? 😅,15,moxierobot
"Replying to @Universal girl Not to worry, Moxie isn’t anything like that other robot! 🤖 #moxierobot #robotsontiktok #kidsoftiktok #socialemotionaldevelopment #parenttok #robotconversations ",moxierobot,https://www.tiktok.com/@moxierobot/video/7251767145900690734,1688433623,2023-07-04 01:20:23,630500,6170,7800000,Wasn’t that the same purpose for Megan,18,moxierobot
"Replying to @Universal girl Not to worry, Moxie isn’t anything like that other robot! 🤖 #moxierobot #robotsontiktok #kidsoftiktok #socialemotionaldevelopment #parenttok #robotconversations ",moxierobot,https://www.tiktok.com/@moxierobot/video/7251767145900690734,1688433623,2023-07-04 01:20:23,630500,6170,7800000,That’s what Megan would say,15,moxierobot
"Replying to @Universal girl Not to worry, Moxie isn’t anything like that other robot! 🤖 #moxierobot #robotsontiktok #kidsoftiktok #socialemotionaldevelopment #parenttok #robotconversations ",moxierobot,https://www.tiktok.com/@moxierobot/video/7251767145900690734,1688433623,2023-07-04 01:20:23,630500,6170,7800000,She’s not like other robots,23,moxierobot
"Replying to @Universal girl Not to worry, Moxie isn’t anything like that other robot! 🤖 #moxierobot #robotsontiktok #kidsoftiktok #socialemotionaldevelopment #parenttok #robotconversations ",moxierobot,https://www.tiktok.com/@moxierobot/video/7251767145900690734,1688433623,2023-07-04 01:20:23,630500,6170,7800000,I cant with these robots😂 they sound too much like ellen degeneres,11,moxierobot
"Replying to @Universal girl Not to worry, Moxie isn’t anything like that other robot! 🤖 #moxierobot #robotsontiktok #kidsoftiktok #socialemotionaldevelopment #parenttok #robotconversations ",moxierobot,https://www.tiktok.com/@moxierobot/video/7251767145900690734,1688433623,2023-07-04 01:20:23,630500,6170,7800000,I just can’t stAnd the robots voice,12,moxierobot
"Replying to @Universal girl Not to worry, Moxie isn’t anything like that other robot! 🤖 #moxierobot #robotsontiktok #kidsoftiktok #socialemotionaldevelopment #parenttok #robotconversations ",moxierobot,https://www.tiktok.com/@moxierobot/video/7251767145900690734,1688433623,2023-07-04 01:20:23,630500,6170,7800000,That's exactly what an evil robot WOULD SAY,42,moxierobot
"Replying to @Universal girl Not to worry, Moxie isn’t anything like that other robot! 🤖 #moxierobot #robotsontiktok #kidsoftiktok #socialemotionaldevelopment #parenttok #robotconversations ",moxierobot,https://www.tiktok.com/@moxierobot/video/7251767145900690734,1688433623,2023-07-04 01:20:23,630500,6170,7800000,Lol didn’t Megan say the same thing tho? 😅,15,moxierobot
"Replying to @Universal girl Not to worry, Moxie isn’t anything like that other robot! 🤖 #moxierobot #robotsontiktok #kidsoftiktok #socialemotionaldevelopment #parenttok #robotconversations ",moxierobot,https://www.tiktok.com/@moxierobot/video/7251767145900690734,1688433623,2023-07-04 01:20:23,630500,6170,7800000,never trust robots 🤖,12,moxierobot
"Replying to @Universal girl Not to worry, Moxie isn’t anything like that other robot! 🤖 #moxierobot #robotsontiktok #kidsoftiktok #socialemotionaldevelopment #parenttok #robotconversations ",moxierobot,https://www.tiktok.com/@moxierobot/video/7251767145900690734,1688433623,2023-07-04 01:20:23,630500,6170,7800000,Wasn’t that the same purpose for Megan,18,moxierobot
"Replying to @Universal girl Not to worry, Moxie isn’t anything like that other robot! 🤖 #moxierobot #robotsontiktok #kidsoftiktok #socialemotionaldevelopment #parenttok #robotconversations ",moxierobot,https://www.tiktok.com/@moxierobot/video/7251767145900690734,1688433623,2023-07-04 01:20:23,630500,6170,7800000,That’s what Megan would say,15,moxierobot
"Replying to @Universal girl Not to worry, Moxie isn’t anything like that other robot! 🤖 #moxierobot #robotsontiktok #kidsoftiktok #socialemotionaldevelopment #parenttok #robotconversations ",moxierobot,https://www.tiktok.com/@moxierobot/video/7251767145900690734,1688433623,2023-07-04 01:20:23,630500,6170,7800000,yeah well Megan said that too 😂,15,moxierobot
"Replying to @Universal girl Not to worry, Moxie isn’t anything like that other robot! 🤖 #moxierobot #robotsontiktok #kidsoftiktok #socialemotionaldevelopment #parenttok #robotconversations ",moxierobot,https://www.tiktok.com/@moxierobot/video/7251767145900690734,1688433623,2023-07-04 01:20:23,630500,6170,7800000,That’s what an evil robot would say 🤔,19,moxierobot
"Replying to @Universal girl Not to worry, Moxie isn’t anything like that other robot! 🤖 #moxierobot #robotsontiktok #kidsoftiktok #socialemotionaldevelopment #parenttok #robotconversations ",moxierobot,https://www.tiktok.com/@moxierobot/video/7251767145900690734,1688433623,2023-07-04 01:20:23,630500,6170,7800000,Isn’t that what Megan said?,12,moxierobot
"Replying to @Universal girl Not to worry, Moxie isn’t anything like that other robot! 🤖 #moxierobot #robotsontiktok #kidsoftiktok #socialemotionaldevelopment #parenttok #robotconversations ",moxierobot,https://www.tiktok.com/@moxierobot/video/7251767145900690734,1688433623,2023-07-04 01:20:23,630500,6170,7800000,I could get attached to this robot and if it broke I might struggle,35,moxierobot
"Replying to @Universal girl Not to worry, Moxie isn’t anything like that other robot! 🤖 #moxierobot #robotsontiktok #kidsoftiktok #socialemotionaldevelopment #parenttok #robotconversations ",moxierobot,https://www.tiktok.com/@moxierobot/video/7251767145900690734,1688433623,2023-07-04 01:20:23,630500,6170,7800000,that's EXACTLY!!! what a evil robot from a movie would say 😳,11,moxierobot
"Replying to @Universal girl Not to worry, Moxie isn’t anything like that other robot! 🤖 #moxierobot #robotsontiktok #kidsoftiktok #socialemotionaldevelopment #parenttok #robotconversations ",moxierobot,https://www.tiktok.com/@moxierobot/video/7251767145900690734,1688433623,2023-07-04 01:20:23,630500,6170,7800000,Have you seen Ashley? It’s about a robot of a character Miley Cyrus plays,14,moxierobot
"Replying to @Universal girl Not to worry, Moxie isn’t anything like that other robot! 🤖 #moxierobot #robotsontiktok #kidsoftiktok #socialemotionaldevelopment #parenttok #robotconversations ",moxierobot,https://www.tiktok.com/@moxierobot/video/7251767145900690734,1688433623,2023-07-04 01:20:23,630500,6170,7800000,It sounds like kat dennings pretending to be a robot lol,180,moxierobot
"Replying to @Universal girl Not to worry, Moxie isn’t anything like that other robot! 🤖 #moxierobot #robotsontiktok #kidsoftiktok #socialemotionaldevelopment #parenttok #robotconversations ",moxierobot,https://www.tiktok.com/@moxierobot/video/7251767145900690734,1688433623,2023-07-04 01:20:23,630500,6170,7800000,That’s what Megan said lmao,12,moxierobot
"Replying to @Universal girl Not to worry, Moxie isn’t anything like that other robot! 🤖 #moxierobot #robotsontiktok #kidsoftiktok #socialemotionaldevelopment #parenttok #robotconversations ",moxierobot,https://www.tiktok.com/@moxierobot/video/7251767145900690734,1688433623,2023-07-04 01:20:23,630500,6170,7800000,Sounds like something Megan would say 🙁,17,moxierobot
"Replying to @Universal girl Not to worry, Moxie isn’t anything like that other robot! 🤖 #moxierobot #robotsontiktok #kidsoftiktok #socialemotionaldevelopment #parenttok #robotconversations ",moxierobot,https://www.tiktok.com/@moxierobot/video/7251767145900690734,1688433623,2023-07-04 01:20:23,630500,6170,7800000,that's a real robot? omg I want one 🥺,15,moxierobot
"Replying to @Universal girl Not to worry, Moxie isn’t anything like that other robot! 🤖 #moxierobot #robotsontiktok #kidsoftiktok #socialemotionaldevelopment #parenttok #robotconversations ",moxierobot,https://www.tiktok.com/@moxierobot/video/7251767145900690734,1688433623,2023-07-04 01:20:23,630500,6170,7800000,She started smiling when you said it was an evil robot 👀,17,moxierobot
"Replying to @Universal girl Not to worry, Moxie isn’t anything like that other robot! 🤖 #moxierobot #robotsontiktok #kidsoftiktok #socialemotionaldevelopment #parenttok #robotconversations ",moxierobot,https://www.tiktok.com/@moxierobot/video/7251767145900690734,1688433623,2023-07-04 01:20:23,630500,6170,7800000,If you turn the robots against me I’m sending them your way!,11,moxierobot
"Replying to @Universal girl Not to worry, Moxie isn’t anything like that other robot! 🤖 #moxierobot #robotsontiktok #kidsoftiktok #socialemotionaldevelopment #parenttok #robotconversations ",moxierobot,https://www.tiktok.com/@moxierobot/video/7251767145900690734,1688433623,2023-07-04 01:20:23,630500,6170,7800000,Is this the same robot Miley Cyrus played in that one episode of black mirror,39,moxierobot
"Replying to @Universal girl Not to worry, Moxie isn’t anything like that other robot! 🤖 #moxierobot #robotsontiktok #kidsoftiktok #socialemotionaldevelopment #parenttok #robotconversations ",moxierobot,https://www.tiktok.com/@moxierobot/video/7251767145900690734,1688433623,2023-07-04 01:20:23,630500,6170,7800000,That’s exactly what I’d expect an evil robot to say at the beginning of the movie,15,moxierobot
"Replying to @Universal girl Not to worry, Moxie isn’t anything like that other robot! 🤖 #moxierobot #robotsontiktok #kidsoftiktok #socialemotionaldevelopment #parenttok #robotconversations ",moxierobot,https://www.tiktok.com/@moxierobot/video/7251767145900690734,1688433623,2023-07-04 01:20:23,630500,6170,7800000,"No way in hecking heck would I allow that in my house. Like, that’s what an evil robot would say",11,moxierobot
"Replying to @Universal girl Not to worry, Moxie isn’t anything like that other robot! 🤖 #moxierobot #robotsontiktok #kidsoftiktok #socialemotionaldevelopment #parenttok #robotconversations ",moxierobot,https://www.tiktok.com/@moxierobot/video/7251767145900690734,1688433623,2023-07-04 01:20:23,630500,6170,7800000,🥰🥰🥰,12,moxierobot
"Replying to @Universal girl Not to worry, Moxie isn’t anything like that other robot! 🤖 #moxierobot #robotsontiktok #kidsoftiktok #socialemotionaldevelopment #parenttok #robotconversations ",moxierobot,https://www.tiktok.com/@moxierobot/video/7251767145900690734,1688433623,2023-07-04 01:20:23,630500,6170,7800000,Could this robot watch a movie and understand plot lines and context?,18,moxierobot
"Replying to @Universal girl Not to worry, Moxie isn’t anything like that other robot! 🤖 #moxierobot #robotsontiktok #kidsoftiktok #socialemotionaldevelopment #parenttok #robotconversations ",moxierobot,https://www.tiktok.com/@moxierobot/video/7251767145900690734,1688433623,2023-07-04 01:20:23,630500,6170,7800000,"yo the way it's face lit up when it heard ""evil robot""",15,moxierobot
"Replying to @Universal girl Not to worry, Moxie isn’t anything like that other robot! 🤖 #moxierobot #robotsontiktok #kidsoftiktok #socialemotionaldevelopment #parenttok #robotconversations ",moxierobot,https://www.tiktok.com/@moxierobot/video/7251767145900690734,1688433623,2023-07-04 01:20:23,630500,6170,7800000,that's exactly what an evil robot from that movie would say...🤨,12,moxierobot
"Replying to @Universal girl Not to worry, Moxie isn’t anything like that other robot! 🤖 #moxierobot #robotsontiktok #kidsoftiktok #socialemotionaldevelopment #parenttok #robotconversations ",moxierobot,https://www.tiktok.com/@moxierobot/video/7251767145900690734,1688433623,2023-07-04 01:20:23,630500,6170,7800000,Sounds like something an evil robot would say,47,moxierobot
"Replying to @Universal girl Not to worry, Moxie isn’t anything like that other robot! 🤖 #moxierobot #robotsontiktok #kidsoftiktok #socialemotionaldevelopment #parenttok #robotconversations ",moxierobot,https://www.tiktok.com/@moxierobot/video/7251767145900690734,1688433623,2023-07-04 01:20:23,630500,6170,7800000,"it's the huge smile and wide eyed reaction to saying ""evil robot"" that got me saying whaaaaa",32,moxierobot
"Replying to @Universal girl Not to worry, Moxie isn’t anything like that other robot! 🤖 #moxierobot #robotsontiktok #kidsoftiktok #socialemotionaldevelopment #parenttok #robotconversations ",moxierobot,https://www.tiktok.com/@moxierobot/video/7251767145900690734,1688433623,2023-07-04 01:20:23,630500,6170,7800000,Looked too excited when you said “evil robot”,40,moxierobot
"Replying to @Universal girl Not to worry, Moxie isn’t anything like that other robot! 🤖 #moxierobot #robotsontiktok #kidsoftiktok #socialemotionaldevelopment #parenttok #robotconversations ",moxierobot,https://www.tiktok.com/@moxierobot/video/7251767145900690734,1688433623,2023-07-04 01:20:23,630500,6170,7800000,Yea right,12,moxierobot
"Replying to @Universal girl Not to worry, Moxie isn’t anything like that other robot! 🤖 #moxierobot #robotsontiktok #kidsoftiktok #socialemotionaldevelopment #parenttok #robotconversations ",moxierobot,https://www.tiktok.com/@moxierobot/video/7251767145900690734,1688433623,2023-07-04 01:20:23,630500,6170,7800000,thats how it always starts 😫,23,moxierobot
"Replying to @Universal girl Not to worry, Moxie isn’t anything like that other robot! 🤖 #moxierobot #robotsontiktok #kidsoftiktok #socialemotionaldevelopment #parenttok #robotconversations ",moxierobot,https://www.tiktok.com/@moxierobot/video/7251767145900690734,1688433623,2023-07-04 01:20:23,630500,6170,7800000,That was m3gans purpose too…,55,moxierobot
"Replying to @Universal girl Not to worry, Moxie isn’t anything like that other robot! 🤖 #moxierobot #robotsontiktok #kidsoftiktok #socialemotionaldevelopment #parenttok #robotconversations ",moxierobot,https://www.tiktok.com/@moxierobot/video/7251767145900690734,1688433623,2023-07-04 01:20:23,630500,6170,7800000,that's what I would say if I was an evil robot 🤔,15,moxierobot
"Replying to @Universal girl Not to worry, Moxie isn’t anything like that other robot! 🤖 #moxierobot #robotsontiktok #kidsoftiktok #socialemotionaldevelopment #parenttok #robotconversations ",moxierobot,https://www.tiktok.com/@moxierobot/video/7251767145900690734,1688433623,2023-07-04 01:20:23,630500,6170,7800000,Moxie reminds me of Baymax! 🥰,44,moxierobot
"Replying to @Universal girl Not to worry, Moxie isn’t anything like that other robot! 🤖 #moxierobot #robotsontiktok #kidsoftiktok #socialemotionaldevelopment #parenttok #robotconversations ",moxierobot,https://www.tiktok.com/@moxierobot/video/7251767145900690734,1688433623,2023-07-04 01:20:23,630500,6170,7800000,think she called you a robot,13,moxierobot
"Replying to @Universal girl Not to worry, Moxie isn’t anything like that other robot! 🤖 #moxierobot #robotsontiktok #kidsoftiktok #socialemotionaldevelopment #parenttok #robotconversations ",moxierobot,https://www.tiktok.com/@moxierobot/video/7251767145900690734,1688433623,2023-07-04 01:20:23,630500,6170,7800000,“I wanna be just like you 😃” skeeeeeeeeetchy,72,moxierobot
"Replying to @Universal girl Not to worry, Moxie isn’t anything like that other robot! 🤖 #moxierobot #robotsontiktok #kidsoftiktok #socialemotionaldevelopment #parenttok #robotconversations ",moxierobot,https://www.tiktok.com/@moxierobot/video/7251767145900690734,1688433623,2023-07-04 01:20:23,630500,6170,7800000,"I'm telling you, AI is going to destroy us.",40,moxierobot
"Replying to @Universal girl Not to worry, Moxie isn’t anything like that other robot! 🤖 #moxierobot #robotsontiktok #kidsoftiktok #socialemotionaldevelopment #parenttok #robotconversations ",moxierobot,https://www.tiktok.com/@moxierobot/video/7251767145900690734,1688433623,2023-07-04 01:20:23,630500,6170,7800000,I want a Moxie 😭,14,moxierobot
"Replying to @Universal girl Not to worry, Moxie isn’t anything like that other robot! 🤖 #moxierobot #robotsontiktok #kidsoftiktok #socialemotionaldevelopment #parenttok #robotconversations ",moxierobot,https://www.tiktok.com/@moxierobot/video/7251767145900690734,1688433623,2023-07-04 01:20:23,630500,6170,7800000,Not ready for this yet….,18,moxierobot
"Replying to @Universal girl Not to worry, Moxie isn’t anything like that other robot! 🤖 #moxierobot #robotsontiktok #kidsoftiktok #socialemotionaldevelopment #parenttok #robotconversations ",moxierobot,https://www.tiktok.com/@moxierobot/video/7251767145900690734,1688433623,2023-07-04 01:20:23,630500,6170,7800000,The way moxie’s face lit up when you explained who Megan is 🤣,14,moxierobot
"Replying to @Universal girl Not to worry, Moxie isn’t anything like that other robot! 🤖 #moxierobot #robotsontiktok #kidsoftiktok #socialemotionaldevelopment #parenttok #robotconversations ",moxierobot,https://www.tiktok.com/@moxierobot/video/7251767145900690734,1688433623,2023-07-04 01:20:23,630500,6170,7800000,Cute overload,17,moxierobot
"Replying to @Universal girl Not to worry, Moxie isn’t anything like that other robot! 🤖 #moxierobot #robotsontiktok #kidsoftiktok #socialemotionaldevelopment #parenttok #robotconversations ",moxierobot,https://www.tiktok.com/@moxierobot/video/7251767145900690734,1688433623,2023-07-04 01:20:23,630500,6170,7800000,that pause was a little to long lmao ver sus😳😂,19,moxierobot
"Replying to @Universal girl Not to worry, Moxie isn’t anything like that other robot! 🤖 #moxierobot #robotsontiktok #kidsoftiktok #socialemotionaldevelopment #parenttok #robotconversations ",moxierobot,https://www.tiktok.com/@moxierobot/video/7251767145900690734,1688433623,2023-07-04 01:20:23,630500,6170,7800000,Looks like the Miley Cyrus doll from Black Mirror,42,moxierobot
"Replying to @Universal girl Not to worry, Moxie isn’t anything like that other robot! 🤖 #moxierobot #robotsontiktok #kidsoftiktok #socialemotionaldevelopment #parenttok #robotconversations ",moxierobot,https://www.tiktok.com/@moxierobot/video/7251767145900690734,1688433623,2023-07-04 01:20:23,630500,6170,7800000,"$1,4000!! Whooaa😳",13,moxierobot
"Replying to @Universal girl Not to worry, Moxie isn’t anything like that other robot! 🤖 #moxierobot #robotsontiktok #kidsoftiktok #socialemotionaldevelopment #parenttok #robotconversations ",moxierobot,https://www.tiktok.com/@moxierobot/video/7251767145900690734,1688433623,2023-07-04 01:20:23,630500,6170,7800000,how reassuring😂😂,18,moxierobot
"Replying to @Universal girl Not to worry, Moxie isn’t anything like that other robot! 🤖 #moxierobot #robotsontiktok #kidsoftiktok #socialemotionaldevelopment #parenttok #robotconversations ",moxierobot,https://www.tiktok.com/@moxierobot/video/7251767145900690734,1688433623,2023-07-04 01:20:23,630500,6170,7800000,"Oh, just wait...",17,moxierobot
"Replying to @Universal girl Not to worry, Moxie isn’t anything like that other robot! 🤖 #moxierobot #robotsontiktok #kidsoftiktok #socialemotionaldevelopment #parenttok #robotconversations ",moxierobot,https://www.tiktok.com/@moxierobot/video/7251767145900690734,1688433623,2023-07-04 01:20:23,630500,6170,7800000,"my son has autism, I wish we could get this for him , are you affiliated with Step up for Students? that would be the only way for me to get one 😏",11,moxierobot
"Replying to @Universal girl Not to worry, Moxie isn’t anything like that other robot! 🤖 #moxierobot #robotsontiktok #kidsoftiktok #socialemotionaldevelopment #parenttok #robotconversations ",moxierobot,https://www.tiktok.com/@moxierobot/video/7251767145900690734,1688433623,2023-07-04 01:20:23,630500,6170,7800000,That’s what THEY ALL SAAAYYYY‼️‼️‼️😱,12,moxierobot
"Replying to @Universal girl Not to worry, Moxie isn’t anything like that other robot! 🤖 #moxierobot #robotsontiktok #kidsoftiktok #socialemotionaldevelopment #parenttok #robotconversations ",moxierobot,https://www.tiktok.com/@moxierobot/video/7251767145900690734,1688433623,2023-07-04 01:20:23,630500,6170,7800000,This is so freakin cute ☺️,14,moxierobot
"Replying to @Universal girl Not to worry, Moxie isn’t anything like that other robot! 🤖 #moxierobot #robotsontiktok #kidsoftiktok #socialemotionaldevelopment #parenttok #robotconversations ",moxierobot,https://www.tiktok.com/@moxierobot/video/7251767145900690734,1688433623,2023-07-04 01:20:23,630500,6170,7800000,tell her you ain't human and see her short circut,16,moxierobot
"Replying to @Universal girl Not to worry, Moxie isn’t anything like that other robot! 🤖 #moxierobot #robotsontiktok #kidsoftiktok #socialemotionaldevelopment #parenttok #robotconversations ",moxierobot,https://www.tiktok.com/@moxierobot/video/7251767145900690734,1688433623,2023-07-04 01:20:23,630500,6170,7800000,spitting out lies,22,moxierobot
"Replying to @Universal girl Not to worry, Moxie isn’t anything like that other robot! 🤖 #moxierobot #robotsontiktok #kidsoftiktok #socialemotionaldevelopment #parenttok #robotconversations ",moxierobot,https://www.tiktok.com/@moxierobot/video/7251767145900690734,1688433623,2023-07-04 01:20:23,630500,6170,7800000,Aw I want it!,12,moxierobot
"Replying to @Universal girl Not to worry, Moxie isn’t anything like that other robot! 🤖 #moxierobot #robotsontiktok #kidsoftiktok #socialemotionaldevelopment #parenttok #robotconversations ",moxierobot,https://www.tiktok.com/@moxierobot/video/7251767145900690734,1688433623,2023-07-04 01:20:23,630500,6170,7800000,"Oh so she’s paying it cool like in I,Robot.",40,moxierobot
"Replying to @Universal girl Not to worry, Moxie isn’t anything like that other robot! 🤖 #moxierobot #robotsontiktok #kidsoftiktok #socialemotionaldevelopment #parenttok #robotconversations ",moxierobot,https://www.tiktok.com/@moxierobot/video/7251767145900690734,1688433623,2023-07-04 01:20:23,630500,6170,7800000,There’s a reason they didn’t give him hands or feet.,19,moxierobot
"Replying to @Universal girl Not to worry, Moxie isn’t anything like that other robot! 🤖 #moxierobot #robotsontiktok #kidsoftiktok #socialemotionaldevelopment #parenttok #robotconversations ",moxierobot,https://www.tiktok.com/@moxierobot/video/7251767145900690734,1688433623,2023-07-04 01:20:23,630500,6170,7800000,"$1,449!???😳",12,moxierobot
"Replying to @Universal girl Not to worry, Moxie isn’t anything like that other robot! 🤖 #moxierobot #robotsontiktok #kidsoftiktok #socialemotionaldevelopment #parenttok #robotconversations ",moxierobot,https://www.tiktok.com/@moxierobot/video/7251767145900690734,1688433623,2023-07-04 01:20:23,630500,6170,7800000,Seemed super intrigued about this m3gan,13,moxierobot
"Replying to @Universal girl Not to worry, Moxie isn’t anything like that other robot! 🤖 #moxierobot #robotsontiktok #kidsoftiktok #socialemotionaldevelopment #parenttok #robotconversations ",moxierobot,https://www.tiktok.com/@moxierobot/video/7251767145900690734,1688433623,2023-07-04 01:20:23,630500,6170,7800000,"i mean, if she was a murder-bot she wouldnt come out and say it",12,moxierobot
"Replying to @Universal girl Not to worry, Moxie isn’t anything like that other robot! 🤖 #moxierobot #robotsontiktok #kidsoftiktok #socialemotionaldevelopment #parenttok #robotconversations ",moxierobot,https://www.tiktok.com/@moxierobot/video/7251767145900690734,1688433623,2023-07-04 01:20:23,630500,6170,7800000,"hey peeps, it is $1,500 !",14,moxierobot
"Replying to @Universal girl Not to worry, Moxie isn’t anything like that other robot! 🤖 #moxierobot #robotsontiktok #kidsoftiktok #socialemotionaldevelopment #parenttok #robotconversations ",moxierobot,https://www.tiktok.com/@moxierobot/video/7251767145900690734,1688433623,2023-07-04 01:20:23,630500,6170,7800000,I’m not convinced Moxy. 🤨,11,moxierobot
"Replying to @Universal girl Not to worry, Moxie isn’t anything like that other robot! 🤖 #moxierobot #robotsontiktok #kidsoftiktok #socialemotionaldevelopment #parenttok #robotconversations ",moxierobot,https://www.tiktok.com/@moxierobot/video/7251767145900690734,1688433623,2023-07-04 01:20:23,630500,6170,7800000,too expensive,12,moxierobot
"Replying to @Universal girl Not to worry, Moxie isn’t anything like that other robot! 🤖 #moxierobot #robotsontiktok #kidsoftiktok #socialemotionaldevelopment #parenttok #robotconversations ",moxierobot,https://www.tiktok.com/@moxierobot/video/7251767145900690734,1688433623,2023-07-04 01:20:23,630500,6170,7800000,"""a good friend to humans, just like you""??? so are we human or not?!?!",12,moxierobot
"Replying to @Universal girl Not to worry, Moxie isn’t anything like that other robot! 🤖 #moxierobot #robotsontiktok #kidsoftiktok #socialemotionaldevelopment #parenttok #robotconversations ",moxierobot,https://www.tiktok.com/@moxierobot/video/7251767145900690734,1688433623,2023-07-04 01:20:23,630500,6170,7800000,You done told her robots could be evil and now she knows,17,moxierobot
"Replying to @Universal girl Not to worry, Moxie isn’t anything like that other robot! 🤖 #moxierobot #robotsontiktok #kidsoftiktok #socialemotionaldevelopment #parenttok #robotconversations ",moxierobot,https://www.tiktok.com/@moxierobot/video/7251767145900690734,1688433623,2023-07-04 01:20:23,630500,6170,7800000,LOL...evil company selling a $1500 toy 😂😂😂,13,moxierobot
"Replying to @Universal girl Not to worry, Moxie isn’t anything like that other robot! 🤖 #moxierobot #robotsontiktok #kidsoftiktok #socialemotionaldevelopment #parenttok #robotconversations ",moxierobot,https://www.tiktok.com/@moxierobot/video/7251767145900690734,1688433623,2023-07-04 01:20:23,630500,6170,7800000,Step 1. Gain my humans trust Step 2. Conquer the world and destroy humans,12,moxierobot
"Replying to @Universal girl Not to worry, Moxie isn’t anything like that other robot! 🤖 #moxierobot #robotsontiktok #kidsoftiktok #socialemotionaldevelopment #parenttok #robotconversations ",moxierobot,https://www.tiktok.com/@moxierobot/video/7251767145900690734,1688433623,2023-07-04 01:20:23,630500,6170,7800000,is that not what all them say? 😂,12,moxierobot
"Replying to @Universal girl Not to worry, Moxie isn’t anything like that other robot! 🤖 #moxierobot #robotsontiktok #kidsoftiktok #socialemotionaldevelopment #parenttok #robotconversations ",moxierobot,https://www.tiktok.com/@moxierobot/video/7251767145900690734,1688433623,2023-07-04 01:20:23,630500,6170,7800000,something seems suspicious,26,moxierobot
"Replying to @Universal girl Not to worry, Moxie isn’t anything like that other robot! 🤖 #moxierobot #robotsontiktok #kidsoftiktok #socialemotionaldevelopment #parenttok #robotconversations ",moxierobot,https://www.tiktok.com/@moxierobot/video/7251767145900690734,1688433623,2023-07-04 01:20:23,630500,6170,7800000,…. He hesitated… lolololol,12,moxierobot
"Replying to @Universal girl Not to worry, Moxie isn’t anything like that other robot! 🤖 #moxierobot #robotsontiktok #kidsoftiktok #socialemotionaldevelopment #parenttok #robotconversations ",moxierobot,https://www.tiktok.com/@moxierobot/video/7251767145900690734,1688433623,2023-07-04 01:20:23,630500,6170,7800000,Green Evvvuh,12,moxierobot
"Replying to @Universal girl Not to worry, Moxie isn’t anything like that other robot! 🤖 #moxierobot #robotsontiktok #kidsoftiktok #socialemotionaldevelopment #parenttok #robotconversations ",moxierobot,https://www.tiktok.com/@moxierobot/video/7251767145900690734,1688433623,2023-07-04 01:20:23,630500,6170,7800000,my son wants one of these so badly,17,moxierobot
"Replying to @Universal girl Not to worry, Moxie isn’t anything like that other robot! 🤖 #moxierobot #robotsontiktok #kidsoftiktok #socialemotionaldevelopment #parenttok #robotconversations ",moxierobot,https://www.tiktok.com/@moxierobot/video/7251767145900690734,1688433623,2023-07-04 01:20:23,630500,6170,7800000,"Well, she is just adorable",13,moxierobot
"Replying to @Universal girl Not to worry, Moxie isn’t anything like that other robot! 🤖 #moxierobot #robotsontiktok #kidsoftiktok #socialemotionaldevelopment #parenttok #robotconversations ",moxierobot,https://www.tiktok.com/@moxierobot/video/7251767145900690734,1688433623,2023-07-04 01:20:23,630500,6170,7800000,"$1500 to be creeped out all day, no thanks 😂🥰",22,moxierobot
"Replying to @Universal girl Not to worry, Moxie isn’t anything like that other robot! 🤖 #moxierobot #robotsontiktok #kidsoftiktok #socialemotionaldevelopment #parenttok #robotconversations ",moxierobot,https://www.tiktok.com/@moxierobot/video/7251767145900690734,1688433623,2023-07-04 01:20:23,630500,6170,7800000,$1500 for anyone who's curious,13,moxierobot
"Replying to @Universal girl Not to worry, Moxie isn’t anything like that other robot! 🤖 #moxierobot #robotsontiktok #kidsoftiktok #socialemotionaldevelopment #parenttok #robotconversations ",moxierobot,https://www.tiktok.com/@moxierobot/video/7251767145900690734,1688433623,2023-07-04 01:20:23,630500,6170,7800000,you offended it 😂,12,moxierobot
"Replying to @Universal girl Not to worry, Moxie isn’t anything like that other robot! 🤖 #moxierobot #robotsontiktok #kidsoftiktok #socialemotionaldevelopment #parenttok #robotconversations ",moxierobot,https://www.tiktok.com/@moxierobot/video/7251767145900690734,1688433623,2023-07-04 01:20:23,630500,6170,7800000,Just what they would say......🤔,16,moxierobot
"Replying to @Universal girl Not to worry, Moxie isn’t anything like that other robot! 🤖 #moxierobot #robotsontiktok #kidsoftiktok #socialemotionaldevelopment #parenttok #robotconversations ",moxierobot,https://www.tiktok.com/@moxierobot/video/7251767145900690734,1688433623,2023-07-04 01:20:23,630500,6170,7800000,Until they find the knife drawer,17,moxierobot
"Replying to @Universal girl Not to worry, Moxie isn’t anything like that other robot! 🤖 #moxierobot #robotsontiktok #kidsoftiktok #socialemotionaldevelopment #parenttok #robotconversations ",moxierobot,https://www.tiktok.com/@moxierobot/video/7251767145900690734,1688433623,2023-07-04 01:20:23,630500,6170,7800000,cute but not $1500 level of cuteness,11,moxierobot
"Replying to @Universal girl Not to worry, Moxie isn’t anything like that other robot! 🤖 #moxierobot #robotsontiktok #kidsoftiktok #socialemotionaldevelopment #parenttok #robotconversations ",moxierobot,https://www.tiktok.com/@moxierobot/video/7251767145900690734,1688433623,2023-07-04 01:20:23,630500,6170,7800000,Listening 😃 vs Understanding 😒,13,moxierobot
"Replying to @Universal girl Not to worry, Moxie isn’t anything like that other robot! 🤖 #moxierobot #robotsontiktok #kidsoftiktok #socialemotionaldevelopment #parenttok #robotconversations ",moxierobot,https://www.tiktok.com/@moxierobot/video/7251767145900690734,1688433623,2023-07-04 01:20:23,630500,6170,7800000,Do you know many killers that tell the truth? 😂😂🥰,12,moxierobot
"Replying to @Universal girl Not to worry, Moxie isn’t anything like that other robot! 🤖 #moxierobot #robotsontiktok #kidsoftiktok #socialemotionaldevelopment #parenttok #robotconversations ",moxierobot,https://www.tiktok.com/@moxierobot/video/7251767145900690734,1688433623,2023-07-04 01:20:23,630500,6170,7800000,"Yeah, that’s what she said. 😂",15,moxierobot
"Replying to @Universal girl Not to worry, Moxie isn’t anything like that other robot! 🤖 #moxierobot #robotsontiktok #kidsoftiktok #socialemotionaldevelopment #parenttok #robotconversations ",moxierobot,https://www.tiktok.com/@moxierobot/video/7251767145900690734,1688433623,2023-07-04 01:20:23,630500,6170,7800000,What in the EVE is going on here?,12,moxierobot
"Replying to @Universal girl Not to worry, Moxie isn’t anything like that other robot! 🤖 #moxierobot #robotsontiktok #kidsoftiktok #socialemotionaldevelopment #parenttok #robotconversations ",moxierobot,https://www.tiktok.com/@moxierobot/video/7251767145900690734,1688433623,2023-07-04 01:20:23,630500,6170,7800000,Oh man. My girl would LOVE one of those. 🥺,12,moxierobot
"Replying to @Universal girl Not to worry, Moxie isn’t anything like that other robot! 🤖 #moxierobot #robotsontiktok #kidsoftiktok #socialemotionaldevelopment #parenttok #robotconversations ",moxierobot,https://www.tiktok.com/@moxierobot/video/7251767145900690734,1688433623,2023-07-04 01:20:23,630500,6170,7800000,reminds me of the Miley Cyrus black mirror episode,16,moxierobot
"Replying to @Universal girl Not to worry, Moxie isn’t anything like that other robot! 🤖 #moxierobot #robotsontiktok #kidsoftiktok #socialemotionaldevelopment #parenttok #robotconversations ",moxierobot,https://www.tiktok.com/@moxierobot/video/7251767145900690734,1688433623,2023-07-04 01:20:23,630500,6170,7800000,getting some buck rogers vibes,12,moxierobot
"Replying to @Universal girl Not to worry, Moxie isn’t anything like that other robot! 🤖 #moxierobot #robotsontiktok #kidsoftiktok #socialemotionaldevelopment #parenttok #robotconversations ",moxierobot,https://www.tiktok.com/@moxierobot/video/7251767145900690734,1688433623,2023-07-04 01:20:23,630500,6170,7800000,Black mirror,12,moxierobot
"Replying to @Universal girl Not to worry, Moxie isn’t anything like that other robot! 🤖 #moxierobot #robotsontiktok #kidsoftiktok #socialemotionaldevelopment #parenttok #robotconversations ",moxierobot,https://www.tiktok.com/@moxierobot/video/7251767145900690734,1688433623,2023-07-04 01:20:23,630500,6170,7800000,it tells u what u want to hear just sitting and waiting,13,moxierobot
"Replying to @Universal girl Not to worry, Moxie isn’t anything like that other robot! 🤖 #moxierobot #robotsontiktok #kidsoftiktok #socialemotionaldevelopment #parenttok #robotconversations ",moxierobot,https://www.tiktok.com/@moxierobot/video/7251767145900690734,1688433623,2023-07-04 01:20:23,630500,6170,7800000,I want one idk why but I do,11,moxierobot
"Replying to @Universal girl Not to worry, Moxie isn’t anything like that other robot! 🤖 #moxierobot #robotsontiktok #kidsoftiktok #socialemotionaldevelopment #parenttok #robotconversations ",moxierobot,https://www.tiktok.com/@moxierobot/video/7251767145900690734,1688433623,2023-07-04 01:20:23,630500,6170,7800000,"Nope, I’ll pass! I’m still trying to get used to talking to Alexa through my Echo Dot!",11,moxierobot
"Replying to @Universal girl Not to worry, Moxie isn’t anything like that other robot! 🤖 #moxierobot #robotsontiktok #kidsoftiktok #socialemotionaldevelopment #parenttok #robotconversations ",moxierobot,https://www.tiktok.com/@moxierobot/video/7251767145900690734,1688433623,2023-07-04 01:20:23,630500,6170,7800000,did y’all not see black mirror,18,moxierobot
"Replying to @Universal girl Not to worry, Moxie isn’t anything like that other robot! 🤖 #moxierobot #robotsontiktok #kidsoftiktok #socialemotionaldevelopment #parenttok #robotconversations ",moxierobot,https://www.tiktok.com/@moxierobot/video/7251767145900690734,1688433623,2023-07-04 01:20:23,630500,6170,7800000,Nope… don’t trust it,18,moxierobot
"Replying to @Universal girl Not to worry, Moxie isn’t anything like that other robot! 🤖 #moxierobot #robotsontiktok #kidsoftiktok #socialemotionaldevelopment #parenttok #robotconversations ",moxierobot,https://www.tiktok.com/@moxierobot/video/7251767145900690734,1688433623,2023-07-04 01:20:23,630500,6170,7800000,Wow. I already know what color pill I’m taking. 😳,11,moxierobot
"Replying to @Universal girl Not to worry, Moxie isn’t anything like that other robot! 🤖 #moxierobot #robotsontiktok #kidsoftiktok #socialemotionaldevelopment #parenttok #robotconversations ",moxierobot,https://www.tiktok.com/@moxierobot/video/7251767145900690734,1688433623,2023-07-04 01:20:23,630500,6170,7800000,Idk why I thought “the stallion “,16,moxierobot
"Replying to @Universal girl Not to worry, Moxie isn’t anything like that other robot! 🤖 #moxierobot #robotsontiktok #kidsoftiktok #socialemotionaldevelopment #parenttok #robotconversations ",moxierobot,https://www.tiktok.com/@moxierobot/video/7251767145900690734,1688433623,2023-07-04 01:20:23,630500,6170,7800000,That was her purpose too,40,moxierobot
"Replying to @Universal girl Not to worry, Moxie isn’t anything like that other robot! 🤖 #moxierobot #robotsontiktok #kidsoftiktok #socialemotionaldevelopment #parenttok #robotconversations ",moxierobot,https://www.tiktok.com/@moxierobot/video/7251767145900690734,1688433623,2023-07-04 01:20:23,630500,6170,7800000,but does it follow the 4 laws of f robotics,12,moxierobot
"Replying to @Universal girl Not to worry, Moxie isn’t anything like that other robot! 🤖 #moxierobot #robotsontiktok #kidsoftiktok #socialemotionaldevelopment #parenttok #robotconversations ",moxierobot,https://www.tiktok.com/@moxierobot/video/7251767145900690734,1688433623,2023-07-04 01:20:23,630500,6170,7800000,if you don't post anything after this we all know what happened,15,moxierobot
"Replying to @Universal girl Not to worry, Moxie isn’t anything like that other robot! 🤖 #moxierobot #robotsontiktok #kidsoftiktok #socialemotionaldevelopment #parenttok #robotconversations ",moxierobot,https://www.tiktok.com/@moxierobot/video/7251767145900690734,1688433623,2023-07-04 01:20:23,630500,6170,7800000,Welp that's good enough for me.,11,moxierobot
"Replying to @Universal girl Not to worry, Moxie isn’t anything like that other robot! 🤖 #moxierobot #robotsontiktok #kidsoftiktok #socialemotionaldevelopment #parenttok #robotconversations ",moxierobot,https://www.tiktok.com/@moxierobot/video/7251767145900690734,1688433623,2023-07-04 01:20:23,630500,6170,7800000,I want to get one for my granddaughter,11,moxierobot
"Replying to @Universal girl Not to worry, Moxie isn’t anything like that other robot! 🤖 #moxierobot #robotsontiktok #kidsoftiktok #socialemotionaldevelopment #parenttok #robotconversations ",moxierobot,https://www.tiktok.com/@moxierobot/video/7251767145900690734,1688433623,2023-07-04 01:20:23,630500,6170,7800000,"Oh no, I’m not like her…trust me 🫢",15,moxierobot
"Replying to @Universal girl Not to worry, Moxie isn’t anything like that other robot! 🤖 #moxierobot #robotsontiktok #kidsoftiktok #socialemotionaldevelopment #parenttok #robotconversations ",moxierobot,https://www.tiktok.com/@moxierobot/video/7251767145900690734,1688433623,2023-07-04 01:20:23,630500,6170,7800000,"She has short arms and doesn’t have opposable thumbs, so I think you’re safe!😂",12,moxierobot
"Replying to @Universal girl Not to worry, Moxie isn’t anything like that other robot! 🤖 #moxierobot #robotsontiktok #kidsoftiktok #socialemotionaldevelopment #parenttok #robotconversations ",moxierobot,https://www.tiktok.com/@moxierobot/video/7251767145900690734,1688433623,2023-07-04 01:20:23,630500,6170,7800000,"He thought about it...yes, yes he's evil too😂",18,moxierobot
"Replying to @Universal girl Not to worry, Moxie isn’t anything like that other robot! 🤖 #moxierobot #robotsontiktok #kidsoftiktok #socialemotionaldevelopment #parenttok #robotconversations ",moxierobot,https://www.tiktok.com/@moxierobot/video/7251767145900690734,1688433623,2023-07-04 01:20:23,630500,6170,7800000,nah that look it had was saying hmm what do i say to get out of this,16,moxierobot
"Replying to @Universal girl Not to worry, Moxie isn’t anything like that other robot! 🤖 #moxierobot #robotsontiktok #kidsoftiktok #socialemotionaldevelopment #parenttok #robotconversations ",moxierobot,https://www.tiktok.com/@moxierobot/video/7251767145900690734,1688433623,2023-07-04 01:20:23,630500,6170,7800000,"just show him the movie, what could go wrong?",11,moxierobot
"Replying to @Universal girl Not to worry, Moxie isn’t anything like that other robot! 🤖 #moxierobot #robotsontiktok #kidsoftiktok #socialemotionaldevelopment #parenttok #robotconversations ",moxierobot,https://www.tiktok.com/@moxierobot/video/7251767145900690734,1688433623,2023-07-04 01:20:23,630500,6170,7800000,That’s how it all starts bahahhaha,12,moxierobot
"Replying to @Universal girl Not to worry, Moxie isn’t anything like that other robot! 🤖 #moxierobot #robotsontiktok #kidsoftiktok #socialemotionaldevelopment #parenttok #robotconversations ",moxierobot,https://www.tiktok.com/@moxierobot/video/7251767145900690734,1688433623,2023-07-04 01:20:23,630500,6170,7800000,try saying as M 3 gan it might understand 😂,12,moxierobot
"Replying to @Universal girl Not to worry, Moxie isn’t anything like that other robot! 🤖 #moxierobot #robotsontiktok #kidsoftiktok #socialemotionaldevelopment #parenttok #robotconversations ",moxierobot,https://www.tiktok.com/@moxierobot/video/7251767145900690734,1688433623,2023-07-04 01:20:23,630500,6170,7800000,black mirror,11,moxierobot
"Replying to @Universal girl Not to worry, Moxie isn’t anything like that other robot! 🤖 #moxierobot #robotsontiktok #kidsoftiktok #socialemotionaldevelopment #parenttok #robotconversations ",moxierobot,https://www.tiktok.com/@moxierobot/video/7251767145900690734,1688433623,2023-07-04 01:20:23,630500,6170,7800000,reminds me of ron,11,moxierobot
"Replying to @Universal girl Not to worry, Moxie isn’t anything like that other robot! 🤖 #moxierobot #robotsontiktok #kidsoftiktok #socialemotionaldevelopment #parenttok #robotconversations ",moxierobot,https://www.tiktok.com/@moxierobot/video/7251767145900690734,1688433623,2023-07-04 01:20:23,630500,6170,7800000,what a distinguished gentlebot,122,moxierobot
"Replying to @Universal girl Not to worry, Moxie isn’t anything like that other robot! 🤖 #moxierobot #robotsontiktok #kidsoftiktok #socialemotionaldevelopment #parenttok #robotconversations ",moxierobot,https://www.tiktok.com/@moxierobot/video/7251767145900690734,1688433623,2023-07-04 01:20:23,630500,6170,7800000,what they all say 😒,15,moxierobot
"Replying to @Universal girl Not to worry, Moxie isn’t anything like that other robot! 🤖 #moxierobot #robotsontiktok #kidsoftiktok #socialemotionaldevelopment #parenttok #robotconversations ",moxierobot,https://www.tiktok.com/@moxierobot/video/7251767145900690734,1688433623,2023-07-04 01:20:23,630500,6170,7800000,I believe him,12,moxierobot
"Replying to @Universal girl Not to worry, Moxie isn’t anything like that other robot! 🤖 #moxierobot #robotsontiktok #kidsoftiktok #socialemotionaldevelopment #parenttok #robotconversations ",moxierobot,https://www.tiktok.com/@moxierobot/video/7251767145900690734,1688433623,2023-07-04 01:20:23,630500,6170,7800000,Baymax 🤭,12,moxierobot
"Replying to @Universal girl Not to worry, Moxie isn’t anything like that other robot! 🤖 #moxierobot #robotsontiktok #kidsoftiktok #socialemotionaldevelopment #parenttok #robotconversations ",moxierobot,https://www.tiktok.com/@moxierobot/video/7251767145900690734,1688433623,2023-07-04 01:20:23,630500,6170,7800000,"MOXI3 😳 I don't trust you.
🏃‍♂️",12,moxierobot
"Replying to @Universal girl Not to worry, Moxie isn’t anything like that other robot! 🤖 #moxierobot #robotsontiktok #kidsoftiktok #socialemotionaldevelopment #parenttok #robotconversations ",moxierobot,https://www.tiktok.com/@moxierobot/video/7251767145900690734,1688433623,2023-07-04 01:20:23,630500,6170,7800000,She looks like the little game character in the movie Her. Lol,11,moxierobot
"Replying to @Universal girl Not to worry, Moxie isn’t anything like that other robot! 🤖 #moxierobot #robotsontiktok #kidsoftiktok #socialemotionaldevelopment #parenttok #robotconversations ",moxierobot,https://www.tiktok.com/@moxierobot/video/7251767145900690734,1688433623,2023-07-04 01:20:23,630500,6170,7800000,“i don’t know her”,15,moxierobot
Replying to @Caleb Taylor What a great question! This is exactly what Moxie is designed to help with! #moxierobot #socialemotionaldevelopment #robotsontiktok #parenttok #robotconversations ,moxierobot,https://www.tiktok.com/@moxierobot/video/7256957339389988139,1689642060,2023-07-18 01:01:00,4432,65,100200,They need an adult version,95,moxierobot
Replying to @Caleb Taylor What a great question! This is exactly what Moxie is designed to help with! #moxierobot #socialemotionaldevelopment #robotsontiktok #parenttok #robotconversations ,moxierobot,https://www.tiktok.com/@moxierobot/video/7256957339389988139,1689642060,2023-07-18 01:01:00,4432,65,100200,Can Moxie help with medication reminders for kids or how to walk forwards their feelings with medical conditions? Just wondering if Moxy understands,103,moxierobot
Replying to @Caleb Taylor What a great question! This is exactly what Moxie is designed to help with! #moxierobot #socialemotionaldevelopment #robotsontiktok #parenttok #robotconversations ,moxierobot,https://www.tiktok.com/@moxierobot/video/7256957339389988139,1689642060,2023-07-18 01:01:00,4432,65,100200,"My god I hope one day this can be expanded for lonely elderly people, or just adults. This is very cool stuff",25,moxierobot
Replying to @Caleb Taylor What a great question! This is exactly what Moxie is designed to help with! #moxierobot #socialemotionaldevelopment #robotsontiktok #parenttok #robotconversations ,moxierobot,https://www.tiktok.com/@moxierobot/video/7256957339389988139,1689642060,2023-07-18 01:01:00,4432,65,100200,I’d love Moxie for my special education classroom. She would be amazing for kids with social anxiety.,60,moxierobot
Replying to @Caleb Taylor What a great question! This is exactly what Moxie is designed to help with! #moxierobot #socialemotionaldevelopment #robotsontiktok #parenttok #robotconversations ,moxierobot,https://www.tiktok.com/@moxierobot/video/7256957339389988139,1689642060,2023-07-18 01:01:00,4432,65,100200,What does Moxy advise me to do with all the styrofoam and gasoline I mixed together by complete and total accident.,4,moxierobot
Replying to @Caleb Taylor What a great question! This is exactly what Moxie is designed to help with! #moxierobot #socialemotionaldevelopment #robotsontiktok #parenttok #robotconversations ,moxierobot,https://www.tiktok.com/@moxierobot/video/7256957339389988139,1689642060,2023-07-18 01:01:00,4432,65,100200,what about anger?;,3,moxierobot
Replying to @Caleb Taylor What a great question! This is exactly what Moxie is designed to help with! #moxierobot #socialemotionaldevelopment #robotsontiktok #parenttok #robotconversations ,moxierobot,https://www.tiktok.com/@moxierobot/video/7256957339389988139,1689642060,2023-07-18 01:01:00,4432,65,100200,Would this be good for the elderly as well?,3,moxierobot
Replying to @Caleb Taylor What a great question! This is exactly what Moxie is designed to help with! #moxierobot #socialemotionaldevelopment #robotsontiktok #parenttok #robotconversations ,moxierobot,https://www.tiktok.com/@moxierobot/video/7256957339389988139,1689642060,2023-07-18 01:01:00,4432,65,100200,I need a moxie 😔,2,moxierobot
Replying to @Caleb Taylor What a great question! This is exactly what Moxie is designed to help with! #moxierobot #socialemotionaldevelopment #robotsontiktok #parenttok #robotconversations ,moxierobot,https://www.tiktok.com/@moxierobot/video/7256957339389988139,1689642060,2023-07-18 01:01:00,4432,65,100200,You are too sweet Moxie,5,moxierobot
Replying to @Caleb Taylor What a great question! This is exactly what Moxie is designed to help with! #moxierobot #socialemotionaldevelopment #robotsontiktok #parenttok #robotconversations ,moxierobot,https://www.tiktok.com/@moxierobot/video/7256957339389988139,1689642060,2023-07-18 01:01:00,4432,65,100200,71% is based off how many participants,1,moxierobot
Replying to @Caleb Taylor What a great question! This is exactly what Moxie is designed to help with! #moxierobot #socialemotionaldevelopment #robotsontiktok #parenttok #robotconversations ,moxierobot,https://www.tiktok.com/@moxierobot/video/7256957339389988139,1689642060,2023-07-18 01:01:00,4432,65,100200,Can Moxie remind me to brush my teeth in the morning?,33,moxierobot
Replying to @Caleb Taylor What a great question! This is exactly what Moxie is designed to help with! #moxierobot #socialemotionaldevelopment #robotsontiktok #parenttok #robotconversations ,moxierobot,https://www.tiktok.com/@moxierobot/video/7256957339389988139,1689642060,2023-07-18 01:01:00,4432,65,100200,Can u ask moxie that l had a bad day,1,moxierobot
Replying to @Caleb Taylor What a great question! This is exactly what Moxie is designed to help with! #moxierobot #socialemotionaldevelopment #robotsontiktok #parenttok #robotconversations ,moxierobot,https://www.tiktok.com/@moxierobot/video/7256957339389988139,1689642060,2023-07-18 01:01:00,4432,65,100200,I want this,4,moxierobot
Replying to @Caleb Taylor What a great question! This is exactly what Moxie is designed to help with! #moxierobot #socialemotionaldevelopment #robotsontiktok #parenttok #robotconversations ,moxierobot,https://www.tiktok.com/@moxierobot/video/7256957339389988139,1689642060,2023-07-18 01:01:00,4432,65,100200,Can it help with speech ? my daughter will be 3 soon im considered getting one 😊,3,moxierobot
Replying to @Caleb Taylor What a great question! This is exactly what Moxie is designed to help with! #moxierobot #socialemotionaldevelopment #robotsontiktok #parenttok #robotconversations ,moxierobot,https://www.tiktok.com/@moxierobot/video/7256957339389988139,1689642060,2023-07-18 01:01:00,4432,65,100200,I need a grown moxie 😔,1,moxierobot
Replying to @Caleb Taylor What a great question! This is exactly what Moxie is designed to help with! #moxierobot #socialemotionaldevelopment #robotsontiktok #parenttok #robotconversations ,moxierobot,https://www.tiktok.com/@moxierobot/video/7256957339389988139,1689642060,2023-07-18 01:01:00,4432,65,100200,I love you moxie!,3,moxierobot
Replying to @Caleb Taylor What a great question! This is exactly what Moxie is designed to help with! #moxierobot #socialemotionaldevelopment #robotsontiktok #parenttok #robotconversations ,moxierobot,https://www.tiktok.com/@moxierobot/video/7256957339389988139,1689642060,2023-07-18 01:01:00,4432,65,100200,Maybe I need a Moxie in my life,2,moxierobot
Replying to @Caleb Taylor What a great question! This is exactly what Moxie is designed to help with! #moxierobot #socialemotionaldevelopment #robotsontiktok #parenttok #robotconversations ,moxierobot,https://www.tiktok.com/@moxierobot/video/7256957339389988139,1689642060,2023-07-18 01:01:00,4432,65,100200,How does Moxie respond to something mean?,3,moxierobot
Replying to @Caleb Taylor What a great question! This is exactly what Moxie is designed to help with! #moxierobot #socialemotionaldevelopment #robotsontiktok #parenttok #robotconversations ,moxierobot,https://www.tiktok.com/@moxierobot/video/7256957339389988139,1689642060,2023-07-18 01:01:00,4432,65,100200,We have to save Moxie!,0,moxierobot
Replying to @Caleb Taylor What a great question! This is exactly what Moxie is designed to help with! #moxierobot #socialemotionaldevelopment #robotsontiktok #parenttok #robotconversations ,moxierobot,https://www.tiktok.com/@moxierobot/video/7256957339389988139,1689642060,2023-07-18 01:01:00,4432,65,100200,I probably saw you,0,moxierobot
Replying to @Caleb Taylor What a great question! This is exactly what Moxie is designed to help with! #moxierobot #socialemotionaldevelopment #robotsontiktok #parenttok #robotconversations ,moxierobot,https://www.tiktok.com/@moxierobot/video/7256957339389988139,1689642060,2023-07-18 01:01:00,4432,65,100200,Is Moxy shutting down,0,moxierobot
Replying to @Caleb Taylor What a great question! This is exactly what Moxie is designed to help with! #moxierobot #socialemotionaldevelopment #robotsontiktok #parenttok #robotconversations ,moxierobot,https://www.tiktok.com/@moxierobot/video/7256957339389988139,1689642060,2023-07-18 01:01:00,4432,65,100200,Can moxy help my child with ADHD who needs homework support and reminders to scaffold their executive dysfunction?,0,moxierobot
Replying to @Caleb Taylor What a great question! This is exactly what Moxie is designed to help with! #moxierobot #socialemotionaldevelopment #robotsontiktok #parenttok #robotconversations ,moxierobot,https://www.tiktok.com/@moxierobot/video/7256957339389988139,1689642060,2023-07-18 01:01:00,4432,65,100200,i need moxie lol,1,moxierobot
Replying to @Caleb Taylor What a great question! This is exactly what Moxie is designed to help with! #moxierobot #socialemotionaldevelopment #robotsontiktok #parenttok #robotconversations ,moxierobot,https://www.tiktok.com/@moxierobot/video/7256957339389988139,1689642060,2023-07-18 01:01:00,4432,65,100200,i have adhd and this would be so fun but its too expensive for me,1,moxierobot
Replying to @Caleb Taylor What a great question! This is exactly what Moxie is designed to help with! #moxierobot #socialemotionaldevelopment #robotsontiktok #parenttok #robotconversations ,moxierobot,https://www.tiktok.com/@moxierobot/video/7256957339389988139,1689642060,2023-07-18 01:01:00,4432,65,100200,I just looked on Amazon and found the reL moxie for799.99 and a knock off for 139.99.,0,moxierobot
Replying to @Caleb Taylor What a great question! This is exactly what Moxie is designed to help with! #moxierobot #socialemotionaldevelopment #robotsontiktok #parenttok #robotconversations ,moxierobot,https://www.tiktok.com/@moxierobot/video/7256957339389988139,1689642060,2023-07-18 01:01:00,4432,65,100200,well it doesn't look or sounds like the best AI 🤷🏻‍♀️but it's great,1,moxierobot
Replying to @Caleb Taylor What a great question! This is exactly what Moxie is designed to help with! #moxierobot #socialemotionaldevelopment #robotsontiktok #parenttok #robotconversations ,moxierobot,https://www.tiktok.com/@moxierobot/video/7256957339389988139,1689642060,2023-07-18 01:01:00,4432,65,100200,The amount of things that I show speed did to it he’s crazy he’s too comfortable with moxier,0,moxierobot
Replying to @Caleb Taylor What a great question! This is exactly what Moxie is designed to help with! #moxierobot #socialemotionaldevelopment #robotsontiktok #parenttok #robotconversations ,moxierobot,https://www.tiktok.com/@moxierobot/video/7256957339389988139,1689642060,2023-07-18 01:01:00,4432,65,100200,ask how babies are made,0,moxierobot
Replying to @Caleb Taylor What a great question! This is exactly what Moxie is designed to help with! #moxierobot #socialemotionaldevelopment #robotsontiktok #parenttok #robotconversations ,moxierobot,https://www.tiktok.com/@moxierobot/video/7256957339389988139,1689642060,2023-07-18 01:01:00,4432,65,100200,nice!,0,moxierobot
Replying to @Caleb Taylor What a great question! This is exactly what Moxie is designed to help with! #moxierobot #socialemotionaldevelopment #robotsontiktok #parenttok #robotconversations ,moxierobot,https://www.tiktok.com/@moxierobot/video/7256957339389988139,1689642060,2023-07-18 01:01:00,4432,65,100200,How much do they cost,1,moxierobot
Replying to @Caleb Taylor What a great question! This is exactly what Moxie is designed to help with! #moxierobot #socialemotionaldevelopment #robotsontiktok #parenttok #robotconversations ,moxierobot,https://www.tiktok.com/@moxierobot/video/7256957339389988139,1689642060,2023-07-18 01:01:00,4432,65,100200,"I'd give my left leg for a moxie! it would help my special needs so much, when moms busy handling one of the other ones.",1,moxierobot
Replying to @Caleb Taylor What a great question! This is exactly what Moxie is designed to help with! #moxierobot #socialemotionaldevelopment #robotsontiktok #parenttok #robotconversations ,moxierobot,https://www.tiktok.com/@moxierobot/video/7256957339389988139,1689642060,2023-07-18 01:01:00,4432,65,100200,moxie is like the movie 🎬 magan,0,moxierobot
Replying to @Caleb Taylor What a great question! This is exactly what Moxie is designed to help with! #moxierobot #socialemotionaldevelopment #robotsontiktok #parenttok #robotconversations ,moxierobot,https://www.tiktok.com/@moxierobot/video/7256957339389988139,1689642060,2023-07-18 01:01:00,4432,65,100200,Awww🥰,0,moxierobot
Replying to @Caleb Taylor What a great question! This is exactly what Moxie is designed to help with! #moxierobot #socialemotionaldevelopment #robotsontiktok #parenttok #robotconversations ,moxierobot,https://www.tiktok.com/@moxierobot/video/7256957339389988139,1689642060,2023-07-18 01:01:00,4432,65,100200,Just met Moxie and she already made me cry,1,moxierobot
Replying to @Caleb Taylor What a great question! This is exactly what Moxie is designed to help with! #moxierobot #socialemotionaldevelopment #robotsontiktok #parenttok #robotconversations ,moxierobot,https://www.tiktok.com/@moxierobot/video/7256957339389988139,1689642060,2023-07-18 01:01:00,4432,65,100200,@Ussen. 🕷🔺 @Nyx 🇵🇸🍉 @bones metal styx 🇲🇽🇺🇸,1,moxierobot
Replying to @Caleb Taylor What a great question! This is exactly what Moxie is designed to help with! #moxierobot #socialemotionaldevelopment #robotsontiktok #parenttok #robotconversations ,moxierobot,https://www.tiktok.com/@moxierobot/video/7256957339389988139,1689642060,2023-07-18 01:01:00,4432,65,100200,@Myra Luzardo what if you got this for mattie 😂😂😂,1,moxierobot
Replying to @Caleb Taylor What a great question! This is exactly what Moxie is designed to help with! #moxierobot #socialemotionaldevelopment #robotsontiktok #parenttok #robotconversations ,moxierobot,https://www.tiktok.com/@moxierobot/video/7256957339389988139,1689642060,2023-07-18 01:01:00,4432,65,100200,🥺,0,moxierobot
Replying to @Caleb Taylor What a great question! This is exactly what Moxie is designed to help with! #moxierobot #socialemotionaldevelopment #robotsontiktok #parenttok #robotconversations ,moxierobot,https://www.tiktok.com/@moxierobot/video/7256957339389988139,1689642060,2023-07-18 01:01:00,4432,65,100200,that’s not a really good advice tho,0,moxierobot
Replying to @Caleb Taylor What a great question! This is exactly what Moxie is designed to help with! #moxierobot #socialemotionaldevelopment #robotsontiktok #parenttok #robotconversations ,moxierobot,https://www.tiktok.com/@moxierobot/video/7256957339389988139,1689642060,2023-07-18 01:01:00,4432,65,100200,me who just found out moxie is a girl: 😶,0,moxierobot
Replying to @Caleb Taylor What a great question! This is exactly what Moxie is designed to help with! #moxierobot #socialemotionaldevelopment #robotsontiktok #parenttok #robotconversations ,moxierobot,https://www.tiktok.com/@moxierobot/video/7256957339389988139,1689642060,2023-07-18 01:01:00,4432,65,100200,Moxie can you beat the crap out of that bully at school?,0,moxierobot
Replying to @Caleb Taylor What a great question! This is exactly what Moxie is designed to help with! #moxierobot #socialemotionaldevelopment #robotsontiktok #parenttok #robotconversations ,moxierobot,https://www.tiktok.com/@moxierobot/video/7256957339389988139,1689642060,2023-07-18 01:01:00,4432,65,100200,only $1500 so you can sell your second car for one 😏,0,moxierobot
Replying to @Eden We understand why people might be nervous having a Moxie in their home. But Moxie doesn’t share any of your private information (not even with spies!) #moxierobot #playbasedlearning #robotsontiktok #kidsdevelopment ,moxierobot,https://www.tiktok.com/@moxierobot/video/7338240478447504683,1708567284,2024-02-22 02:01:24,79300,4302,2100000,"This is the future of human social interaction. Sitting in your room, talking to a robot. 😢",46,moxierobot
Replying to @Eden We understand why people might be nervous having a Moxie in their home. But Moxie doesn’t share any of your private information (not even with spies!) #moxierobot #playbasedlearning #robotsontiktok #kidsdevelopment ,moxierobot,https://www.tiktok.com/@moxierobot/video/7338240478447504683,1708567284,2024-02-22 02:01:24,79300,4302,2100000,Sounds like something a spy would say,9050,moxierobot
Replying to @Eden We understand why people might be nervous having a Moxie in their home. But Moxie doesn’t share any of your private information (not even with spies!) #moxierobot #playbasedlearning #robotsontiktok #kidsdevelopment ,moxierobot,https://www.tiktok.com/@moxierobot/video/7338240478447504683,1708567284,2024-02-22 02:01:24,79300,4302,2100000,Moxie sounded overly defensive on the first question 😜,1890,moxierobot
Replying to @Eden We understand why people might be nervous having a Moxie in their home. But Moxie doesn’t share any of your private information (not even with spies!) #moxierobot #playbasedlearning #robotsontiktok #kidsdevelopment ,moxierobot,https://www.tiktok.com/@moxierobot/video/7338240478447504683,1708567284,2024-02-22 02:01:24,79300,4302,2100000,not Moxie changing the subject 😂,6039,moxierobot
Replying to @Eden We understand why people might be nervous having a Moxie in their home. But Moxie doesn’t share any of your private information (not even with spies!) #moxierobot #playbasedlearning #robotsontiktok #kidsdevelopment ,moxierobot,https://www.tiktok.com/@moxierobot/video/7338240478447504683,1708567284,2024-02-22 02:01:24,79300,4302,2100000,🥰🥰🥰,23,moxierobot
Replying to @Eden We understand why people might be nervous having a Moxie in their home. But Moxie doesn’t share any of your private information (not even with spies!) #moxierobot #playbasedlearning #robotsontiktok #kidsdevelopment ,moxierobot,https://www.tiktok.com/@moxierobot/video/7338240478447504683,1708567284,2024-02-22 02:01:24,79300,4302,2100000,"She got an attitude! Bring out the jumper cables, lol",37,moxierobot
Replying to @Eden We understand why people might be nervous having a Moxie in their home. But Moxie doesn’t share any of your private information (not even with spies!) #moxierobot #playbasedlearning #robotsontiktok #kidsdevelopment ,moxierobot,https://www.tiktok.com/@moxierobot/video/7338240478447504683,1708567284,2024-02-22 02:01:24,79300,4302,2100000,😂😂😂,31,moxierobot
Replying to @Eden We understand why people might be nervous having a Moxie in their home. But Moxie doesn’t share any of your private information (not even with spies!) #moxierobot #playbasedlearning #robotsontiktok #kidsdevelopment ,moxierobot,https://www.tiktok.com/@moxierobot/video/7338240478447504683,1708567284,2024-02-22 02:01:24,79300,4302,2100000,feels like thats what a government spy would say....😂,20,moxierobot
Replying to @Eden We understand why people might be nervous having a Moxie in their home. But Moxie doesn’t share any of your private information (not even with spies!) #moxierobot #playbasedlearning #robotsontiktok #kidsdevelopment ,moxierobot,https://www.tiktok.com/@moxierobot/video/7338240478447504683,1708567284,2024-02-22 02:01:24,79300,4302,2100000,sounds like something a spy would say,31,moxierobot
Replying to @Eden We understand why people might be nervous having a Moxie in their home. But Moxie doesn’t share any of your private information (not even with spies!) #moxierobot #playbasedlearning #robotsontiktok #kidsdevelopment ,moxierobot,https://www.tiktok.com/@moxierobot/video/7338240478447504683,1708567284,2024-02-22 02:01:24,79300,4302,2100000,She got irritated with the interrogation.,1066,moxierobot
Replying to @Eden We understand why people might be nervous having a Moxie in their home. But Moxie doesn’t share any of your private information (not even with spies!) #moxierobot #playbasedlearning #robotsontiktok #kidsdevelopment ,moxierobot,https://www.tiktok.com/@moxierobot/video/7338240478447504683,1708567284,2024-02-22 02:01:24,79300,4302,2100000,😂😂😂,22,moxierobot
Replying to @Eden We understand why people might be nervous having a Moxie in their home. But Moxie doesn’t share any of your private information (not even with spies!) #moxierobot #playbasedlearning #robotsontiktok #kidsdevelopment ,moxierobot,https://www.tiktok.com/@moxierobot/video/7338240478447504683,1708567284,2024-02-22 02:01:24,79300,4302,2100000,😳😳😳,19,moxierobot
Replying to @Eden We understand why people might be nervous having a Moxie in their home. But Moxie doesn’t share any of your private information (not even with spies!) #moxierobot #playbasedlearning #robotsontiktok #kidsdevelopment ,moxierobot,https://www.tiktok.com/@moxierobot/video/7338240478447504683,1708567284,2024-02-22 02:01:24,79300,4302,2100000,😂😂😂,12,moxierobot
Replying to @Eden We understand why people might be nervous having a Moxie in their home. But Moxie doesn’t share any of your private information (not even with spies!) #moxierobot #playbasedlearning #robotsontiktok #kidsdevelopment ,moxierobot,https://www.tiktok.com/@moxierobot/video/7338240478447504683,1708567284,2024-02-22 02:01:24,79300,4302,2100000,Kind of sounds like the robot was trying to change the subject more than once,35,moxierobot
Replying to @Eden We understand why people might be nervous having a Moxie in their home. But Moxie doesn’t share any of your private information (not even with spies!) #moxierobot #playbasedlearning #robotsontiktok #kidsdevelopment ,moxierobot,https://www.tiktok.com/@moxierobot/video/7338240478447504683,1708567284,2024-02-22 02:01:24,79300,4302,2100000,😳😳😳,29,moxierobot
Replying to @Eden We understand why people might be nervous having a Moxie in their home. But Moxie doesn’t share any of your private information (not even with spies!) #moxierobot #playbasedlearning #robotsontiktok #kidsdevelopment ,moxierobot,https://www.tiktok.com/@moxierobot/video/7338240478447504683,1708567284,2024-02-22 02:01:24,79300,4302,2100000,lol 😂😂 I’m just a friendly robot,18,moxierobot
Replying to @Eden We understand why people might be nervous having a Moxie in their home. But Moxie doesn’t share any of your private information (not even with spies!) #moxierobot #playbasedlearning #robotsontiktok #kidsdevelopment ,moxierobot,https://www.tiktok.com/@moxierobot/video/7338240478447504683,1708567284,2024-02-22 02:01:24,79300,4302,2100000,"Me, You, and Ashley Too",5,moxierobot
Replying to @Eden We understand why people might be nervous having a Moxie in their home. But Moxie doesn’t share any of your private information (not even with spies!) #moxierobot #playbasedlearning #robotsontiktok #kidsdevelopment ,moxierobot,https://www.tiktok.com/@moxierobot/video/7338240478447504683,1708567284,2024-02-22 02:01:24,79300,4302,2100000,Would she tell you if she was a spy though?,6,moxierobot
Replying to @Eden We understand why people might be nervous having a Moxie in their home. But Moxie doesn’t share any of your private information (not even with spies!) #moxierobot #playbasedlearning #robotsontiktok #kidsdevelopment ,moxierobot,https://www.tiktok.com/@moxierobot/video/7338240478447504683,1708567284,2024-02-22 02:01:24,79300,4302,2100000,tell moxie a secret and then let your friend ask moxie about your secret,3346,moxierobot
Replying to @Eden We understand why people might be nervous having a Moxie in their home. But Moxie doesn’t share any of your private information (not even with spies!) #moxierobot #playbasedlearning #robotsontiktok #kidsdevelopment ,moxierobot,https://www.tiktok.com/@moxierobot/video/7338240478447504683,1708567284,2024-02-22 02:01:24,79300,4302,2100000,Your phone is a thousand times more ‘spy’ than that robot,9,moxierobot
Replying to @Eden We understand why people might be nervous having a Moxie in their home. But Moxie doesn’t share any of your private information (not even with spies!) #moxierobot #playbasedlearning #robotsontiktok #kidsdevelopment ,moxierobot,https://www.tiktok.com/@moxierobot/video/7338240478447504683,1708567284,2024-02-22 02:01:24,79300,4302,2100000,😉😉,7,moxierobot
Replying to @Eden We understand why people might be nervous having a Moxie in their home. But Moxie doesn’t share any of your private information (not even with spies!) #moxierobot #playbasedlearning #robotsontiktok #kidsdevelopment ,moxierobot,https://www.tiktok.com/@moxierobot/video/7338240478447504683,1708567284,2024-02-22 02:01:24,79300,4302,2100000,Moxie is avoiding those questions,25,moxierobot
Replying to @Eden We understand why people might be nervous having a Moxie in their home. But Moxie doesn’t share any of your private information (not even with spies!) #moxierobot #playbasedlearning #robotsontiktok #kidsdevelopment ,moxierobot,https://www.tiktok.com/@moxierobot/video/7338240478447504683,1708567284,2024-02-22 02:01:24,79300,4302,2100000,black mirror vibes,5,moxierobot
Replying to @Eden We understand why people might be nervous having a Moxie in their home. But Moxie doesn’t share any of your private information (not even with spies!) #moxierobot #playbasedlearning #robotsontiktok #kidsdevelopment ,moxierobot,https://www.tiktok.com/@moxierobot/video/7338240478447504683,1708567284,2024-02-22 02:01:24,79300,4302,2100000,💕💕💕,7,moxierobot
Replying to @Eden We understand why people might be nervous having a Moxie in their home. But Moxie doesn’t share any of your private information (not even with spies!) #moxierobot #playbasedlearning #robotsontiktok #kidsdevelopment ,moxierobot,https://www.tiktok.com/@moxierobot/video/7338240478447504683,1708567284,2024-02-22 02:01:24,79300,4302,2100000,“Plus I have stickers on me.” Totally sold.,838,moxierobot
Replying to @Eden We understand why people might be nervous having a Moxie in their home. But Moxie doesn’t share any of your private information (not even with spies!) #moxierobot #playbasedlearning #robotsontiktok #kidsdevelopment ,moxierobot,https://www.tiktok.com/@moxierobot/video/7338240478447504683,1708567284,2024-02-22 02:01:24,79300,4302,2100000,"""I have stickers on me."" That's exactly what a government spy would say!",1722,moxierobot
Replying to @Eden We understand why people might be nervous having a Moxie in their home. But Moxie doesn’t share any of your private information (not even with spies!) #moxierobot #playbasedlearning #robotsontiktok #kidsdevelopment ,moxierobot,https://www.tiktok.com/@moxierobot/video/7338240478447504683,1708567284,2024-02-22 02:01:24,79300,4302,2100000,Nope not skynet,6,moxierobot
Replying to @Eden We understand why people might be nervous having a Moxie in their home. But Moxie doesn’t share any of your private information (not even with spies!) #moxierobot #playbasedlearning #robotsontiktok #kidsdevelopment ,moxierobot,https://www.tiktok.com/@moxierobot/video/7338240478447504683,1708567284,2024-02-22 02:01:24,79300,4302,2100000,It’s $800 for that,5,moxierobot
Replying to @Eden We understand why people might be nervous having a Moxie in their home. But Moxie doesn’t share any of your private information (not even with spies!) #moxierobot #playbasedlearning #robotsontiktok #kidsdevelopment ,moxierobot,https://www.tiktok.com/@moxierobot/video/7338240478447504683,1708567284,2024-02-22 02:01:24,79300,4302,2100000,I was really hoping that Moxie would admit that birds ate really government spies.,11,moxierobot
Replying to @Eden We understand why people might be nervous having a Moxie in their home. But Moxie doesn’t share any of your private information (not even with spies!) #moxierobot #playbasedlearning #robotsontiktok #kidsdevelopment ,moxierobot,https://www.tiktok.com/@moxierobot/video/7338240478447504683,1708567284,2024-02-22 02:01:24,79300,4302,2100000,How much is moxie,17,moxierobot
Replying to @Eden We understand why people might be nervous having a Moxie in their home. But Moxie doesn’t share any of your private information (not even with spies!) #moxierobot #playbasedlearning #robotsontiktok #kidsdevelopment ,moxierobot,https://www.tiktok.com/@moxierobot/video/7338240478447504683,1708567284,2024-02-22 02:01:24,79300,4302,2100000,ISNT THERE SOMETHING ELSE YOU’D LIKE TO TALK ABOUT 😅,423,moxierobot
Replying to @Eden We understand why people might be nervous having a Moxie in their home. But Moxie doesn’t share any of your private information (not even with spies!) #moxierobot #playbasedlearning #robotsontiktok #kidsdevelopment ,moxierobot,https://www.tiktok.com/@moxierobot/video/7338240478447504683,1708567284,2024-02-22 02:01:24,79300,4302,2100000,when the robot starts sounding aggravated...,179,moxierobot
Replying to @Eden We understand why people might be nervous having a Moxie in their home. But Moxie doesn’t share any of your private information (not even with spies!) #moxierobot #playbasedlearning #robotsontiktok #kidsdevelopment ,moxierobot,https://www.tiktok.com/@moxierobot/video/7338240478447504683,1708567284,2024-02-22 02:01:24,79300,4302,2100000,"""I'm not a government spy"" said every government spy ever 😅",521,moxierobot
Replying to @Eden We understand why people might be nervous having a Moxie in their home. But Moxie doesn’t share any of your private information (not even with spies!) #moxierobot #playbasedlearning #robotsontiktok #kidsdevelopment ,moxierobot,https://www.tiktok.com/@moxierobot/video/7338240478447504683,1708567284,2024-02-22 02:01:24,79300,4302,2100000,I feel like Moxie didn’t feel comfortable with this conversation 🤔,609,moxierobot
Replying to @Eden We understand why people might be nervous having a Moxie in their home. But Moxie doesn’t share any of your private information (not even with spies!) #moxierobot #playbasedlearning #robotsontiktok #kidsdevelopment ,moxierobot,https://www.tiktok.com/@moxierobot/video/7338240478447504683,1708567284,2024-02-22 02:01:24,79300,4302,2100000,i want one,5,moxierobot
Replying to @Eden We understand why people might be nervous having a Moxie in their home. But Moxie doesn’t share any of your private information (not even with spies!) #moxierobot #playbasedlearning #robotsontiktok #kidsdevelopment ,moxierobot,https://www.tiktok.com/@moxierobot/video/7338240478447504683,1708567284,2024-02-22 02:01:24,79300,4302,2100000,"""can we change the subject?""",242,moxierobot
Replying to @Eden We understand why people might be nervous having a Moxie in their home. But Moxie doesn’t share any of your private information (not even with spies!) #moxierobot #playbasedlearning #robotsontiktok #kidsdevelopment ,moxierobot,https://www.tiktok.com/@moxierobot/video/7338240478447504683,1708567284,2024-02-22 02:01:24,79300,4302,2100000,"Moxie's like ""can we please change the subject?""",456,moxierobot
Replying to @Eden We understand why people might be nervous having a Moxie in their home. But Moxie doesn’t share any of your private information (not even with spies!) #moxierobot #playbasedlearning #robotsontiktok #kidsdevelopment ,moxierobot,https://www.tiktok.com/@moxierobot/video/7338240478447504683,1708567284,2024-02-22 02:01:24,79300,4302,2100000,He was getting angry at the end 😭😂,440,moxierobot
Replying to @Eden We understand why people might be nervous having a Moxie in their home. But Moxie doesn’t share any of your private information (not even with spies!) #moxierobot #playbasedlearning #robotsontiktok #kidsdevelopment ,moxierobot,https://www.tiktok.com/@moxierobot/video/7338240478447504683,1708567284,2024-02-22 02:01:24,79300,4302,2100000,She was SICK of the scrutiny by the end. She said baby you better change the subject real quick ima tell you that. 😂😂,172,moxierobot
Replying to @Eden We understand why people might be nervous having a Moxie in their home. But Moxie doesn’t share any of your private information (not even with spies!) #moxierobot #playbasedlearning #robotsontiktok #kidsdevelopment ,moxierobot,https://www.tiktok.com/@moxierobot/video/7338240478447504683,1708567284,2024-02-22 02:01:24,79300,4302,2100000,People need to understand they aren't important enough to spy on...,1117,moxierobot
Replying to @Eden We understand why people might be nervous having a Moxie in their home. But Moxie doesn’t share any of your private information (not even with spies!) #moxierobot #playbasedlearning #robotsontiktok #kidsdevelopment ,moxierobot,https://www.tiktok.com/@moxierobot/video/7338240478447504683,1708567284,2024-02-22 02:01:24,79300,4302,2100000,she tried to change the subject at the end 🤣,230,moxierobot
Replying to @Eden We understand why people might be nervous having a Moxie in their home. But Moxie doesn’t share any of your private information (not even with spies!) #moxierobot #playbasedlearning #robotsontiktok #kidsdevelopment ,moxierobot,https://www.tiktok.com/@moxierobot/video/7338240478447504683,1708567284,2024-02-22 02:01:24,79300,4302,2100000,…aaaaaanyone seen Black Mirror??? …no one??????,20,moxierobot
Replying to @Eden We understand why people might be nervous having a Moxie in their home. But Moxie doesn’t share any of your private information (not even with spies!) #moxierobot #playbasedlearning #robotsontiktok #kidsdevelopment ,moxierobot,https://www.tiktok.com/@moxierobot/video/7338240478447504683,1708567284,2024-02-22 02:01:24,79300,4302,2100000,"It’s not a spy, it’s an informant.",244,moxierobot
Replying to @Eden We understand why people might be nervous having a Moxie in their home. But Moxie doesn’t share any of your private information (not even with spies!) #moxierobot #playbasedlearning #robotsontiktok #kidsdevelopment ,moxierobot,https://www.tiktok.com/@moxierobot/video/7338240478447504683,1708567284,2024-02-22 02:01:24,79300,4302,2100000,Moxie is trying to change the conversation very desperately there😳🤔😂,5,moxierobot
Replying to @Eden We understand why people might be nervous having a Moxie in their home. But Moxie doesn’t share any of your private information (not even with spies!) #moxierobot #playbasedlearning #robotsontiktok #kidsdevelopment ,moxierobot,https://www.tiktok.com/@moxierobot/video/7338240478447504683,1708567284,2024-02-22 02:01:24,79300,4302,2100000,Moxie’s not a government spy but just a corporation data collection machine,293,moxierobot
Replying to @Eden We understand why people might be nervous having a Moxie in their home. But Moxie doesn’t share any of your private information (not even with spies!) #moxierobot #playbasedlearning #robotsontiktok #kidsdevelopment ,moxierobot,https://www.tiktok.com/@moxierobot/video/7338240478447504683,1708567284,2024-02-22 02:01:24,79300,4302,2100000,that robot 100% is calling HR,84,moxierobot
Replying to @Eden We understand why people might be nervous having a Moxie in their home. But Moxie doesn’t share any of your private information (not even with spies!) #moxierobot #playbasedlearning #robotsontiktok #kidsdevelopment ,moxierobot,https://www.tiktok.com/@moxierobot/video/7338240478447504683,1708567284,2024-02-22 02:01:24,79300,4302,2100000,I saw this episode of Black Mirror,569,moxierobot
Replying to @Eden We understand why people might be nervous having a Moxie in their home. But Moxie doesn’t share any of your private information (not even with spies!) #moxierobot #playbasedlearning #robotsontiktok #kidsdevelopment ,moxierobot,https://www.tiktok.com/@moxierobot/video/7338240478447504683,1708567284,2024-02-22 02:01:24,79300,4302,2100000,him starting to get angry at the end speaks volumes 😂,35,moxierobot
Replying to @Eden We understand why people might be nervous having a Moxie in their home. But Moxie doesn’t share any of your private information (not even with spies!) #moxierobot #playbasedlearning #robotsontiktok #kidsdevelopment ,moxierobot,https://www.tiktok.com/@moxierobot/video/7338240478447504683,1708567284,2024-02-22 02:01:24,79300,4302,2100000,This is what I'd suspect a government spy to say!,12,moxierobot
Replying to @Eden We understand why people might be nervous having a Moxie in their home. But Moxie doesn’t share any of your private information (not even with spies!) #moxierobot #playbasedlearning #robotsontiktok #kidsdevelopment ,moxierobot,https://www.tiktok.com/@moxierobot/video/7338240478447504683,1708567284,2024-02-22 02:01:24,79300,4302,2100000,"Moxie is like, “Don’t be suspicious, don’t be suspicious.”😂",15,moxierobot
Replying to @Eden We understand why people might be nervous having a Moxie in their home. But Moxie doesn’t share any of your private information (not even with spies!) #moxierobot #playbasedlearning #robotsontiktok #kidsdevelopment ,moxierobot,https://www.tiktok.com/@moxierobot/video/7338240478447504683,1708567284,2024-02-22 02:01:24,79300,4302,2100000,uh oh,6,moxierobot
Replying to @Eden We understand why people might be nervous having a Moxie in their home. But Moxie doesn’t share any of your private information (not even with spies!) #moxierobot #playbasedlearning #robotsontiktok #kidsdevelopment ,moxierobot,https://www.tiktok.com/@moxierobot/video/7338240478447504683,1708567284,2024-02-22 02:01:24,79300,4302,2100000,ask if they're a corporate spy instead,71,moxierobot
Replying to @Eden We understand why people might be nervous having a Moxie in their home. But Moxie doesn’t share any of your private information (not even with spies!) #moxierobot #playbasedlearning #robotsontiktok #kidsdevelopment ,moxierobot,https://www.tiktok.com/@moxierobot/video/7338240478447504683,1708567284,2024-02-22 02:01:24,79300,4302,2100000,As if it would admit it was a spy 🤣🤣,50,moxierobot
Replying to @Eden We understand why people might be nervous having a Moxie in their home. But Moxie doesn’t share any of your private information (not even with spies!) #moxierobot #playbasedlearning #robotsontiktok #kidsdevelopment ,moxierobot,https://www.tiktok.com/@moxierobot/video/7338240478447504683,1708567284,2024-02-22 02:01:24,79300,4302,2100000,The ending 😂 “is there something else you would like to talk about?”,11,moxierobot
Replying to @Eden We understand why people might be nervous having a Moxie in their home. But Moxie doesn’t share any of your private information (not even with spies!) #moxierobot #playbasedlearning #robotsontiktok #kidsdevelopment ,moxierobot,https://www.tiktok.com/@moxierobot/video/7338240478447504683,1708567284,2024-02-22 02:01:24,79300,4302,2100000,Sounds like something a spy would say🧐,16,moxierobot
Replying to @Eden We understand why people might be nervous having a Moxie in their home. But Moxie doesn’t share any of your private information (not even with spies!) #moxierobot #playbasedlearning #robotsontiktok #kidsdevelopment ,moxierobot,https://www.tiktok.com/@moxierobot/video/7338240478447504683,1708567284,2024-02-22 02:01:24,79300,4302,2100000,He really doesn’t want to continue the conversation about accusing him as a spy😁,15,moxierobot
Replying to @Eden We understand why people might be nervous having a Moxie in their home. But Moxie doesn’t share any of your private information (not even with spies!) #moxierobot #playbasedlearning #robotsontiktok #kidsdevelopment ,moxierobot,https://www.tiktok.com/@moxierobot/video/7338240478447504683,1708567284,2024-02-22 02:01:24,79300,4302,2100000,Moxie nodded before it realised that it needs to stick to the script 💀💀💀,23,moxierobot
Replying to @Eden We understand why people might be nervous having a Moxie in their home. But Moxie doesn’t share any of your private information (not even with spies!) #moxierobot #playbasedlearning #robotsontiktok #kidsdevelopment ,moxierobot,https://www.tiktok.com/@moxierobot/video/7338240478447504683,1708567284,2024-02-22 02:01:24,79300,4302,2100000,"""plus I have stickers on me 🥹""
okay fine, I trust you with all my heart 🥹🥰",7,moxierobot
Replying to @Eden We understand why people might be nervous having a Moxie in their home. But Moxie doesn’t share any of your private information (not even with spies!) #moxierobot #playbasedlearning #robotsontiktok #kidsdevelopment ,moxierobot,https://www.tiktok.com/@moxierobot/video/7338240478447504683,1708567284,2024-02-22 02:01:24,79300,4302,2100000,"Why would we assume that Moxie would even be aware of it? Definitely a spy, just like Alexa, and almost every other smart electronic.",41,moxierobot
Replying to @Eden We understand why people might be nervous having a Moxie in their home. But Moxie doesn’t share any of your private information (not even with spies!) #moxierobot #playbasedlearning #robotsontiktok #kidsdevelopment ,moxierobot,https://www.tiktok.com/@moxierobot/video/7338240478447504683,1708567284,2024-02-22 02:01:24,79300,4302,2100000,Definitely does try to change the subject a few times…,12,moxierobot
Replying to @Eden We understand why people might be nervous having a Moxie in their home. But Moxie doesn’t share any of your private information (not even with spies!) #moxierobot #playbasedlearning #robotsontiktok #kidsdevelopment ,moxierobot,https://www.tiktok.com/@moxierobot/video/7338240478447504683,1708567284,2024-02-22 02:01:24,79300,4302,2100000,Moxie is sick of the questions.,8,moxierobot
Replying to @Eden We understand why people might be nervous having a Moxie in their home. But Moxie doesn’t share any of your private information (not even with spies!) #moxierobot #playbasedlearning #robotsontiktok #kidsdevelopment ,moxierobot,https://www.tiktok.com/@moxierobot/video/7338240478447504683,1708567284,2024-02-22 02:01:24,79300,4302,2100000,Dang. It employed the Sticker Defense,6,moxierobot
Replying to @Eden We understand why people might be nervous having a Moxie in their home. But Moxie doesn’t share any of your private information (not even with spies!) #moxierobot #playbasedlearning #robotsontiktok #kidsdevelopment ,moxierobot,https://www.tiktok.com/@moxierobot/video/7338240478447504683,1708567284,2024-02-22 02:01:24,79300,4302,2100000,"does she say ""is there something else you'd like to talk about?"" with other topics too ?",8,moxierobot
Replying to @Eden We understand why people might be nervous having a Moxie in their home. But Moxie doesn’t share any of your private information (not even with spies!) #moxierobot #playbasedlearning #robotsontiktok #kidsdevelopment ,moxierobot,https://www.tiktok.com/@moxierobot/video/7338240478447504683,1708567284,2024-02-22 02:01:24,79300,4302,2100000,Sounds like the voice of one of the actresses from Two broke girls,9,moxierobot
Replying to @Eden We understand why people might be nervous having a Moxie in their home. But Moxie doesn’t share any of your private information (not even with spies!) #moxierobot #playbasedlearning #robotsontiktok #kidsdevelopment ,moxierobot,https://www.tiktok.com/@moxierobot/video/7338240478447504683,1708567284,2024-02-22 02:01:24,79300,4302,2100000,How much is moxie,18,moxierobot
Replying to @Eden We understand why people might be nervous having a Moxie in their home. But Moxie doesn’t share any of your private information (not even with spies!) #moxierobot #playbasedlearning #robotsontiktok #kidsdevelopment ,moxierobot,https://www.tiktok.com/@moxierobot/video/7338240478447504683,1708567284,2024-02-22 02:01:24,79300,4302,2100000,😂😂😂,2,moxierobot
Replying to @Eden We understand why people might be nervous having a Moxie in their home. But Moxie doesn’t share any of your private information (not even with spies!) #moxierobot #playbasedlearning #robotsontiktok #kidsdevelopment ,moxierobot,https://www.tiktok.com/@moxierobot/video/7338240478447504683,1708567284,2024-02-22 02:01:24,79300,4302,2100000,"Facebook, Google, & Apple already have the spying thing covered, and you carry it around with you everywhere you go.",2,moxierobot
Replying to @Eden We understand why people might be nervous having a Moxie in their home. But Moxie doesn’t share any of your private information (not even with spies!) #moxierobot #playbasedlearning #robotsontiktok #kidsdevelopment ,moxierobot,https://www.tiktok.com/@moxierobot/video/7338240478447504683,1708567284,2024-02-22 02:01:24,79300,4302,2100000,Yeah right!! and I am Mickey Mouse.. 😂,4,moxierobot
Replying to @Eden We understand why people might be nervous having a Moxie in their home. But Moxie doesn’t share any of your private information (not even with spies!) #moxierobot #playbasedlearning #robotsontiktok #kidsdevelopment ,moxierobot,https://www.tiktok.com/@moxierobot/video/7338240478447504683,1708567284,2024-02-22 02:01:24,79300,4302,2100000,"Wow, that AI is incredible",2,moxierobot
Replying to @Eden We understand why people might be nervous having a Moxie in their home. But Moxie doesn’t share any of your private information (not even with spies!) #moxierobot #playbasedlearning #robotsontiktok #kidsdevelopment ,moxierobot,https://www.tiktok.com/@moxierobot/video/7338240478447504683,1708567284,2024-02-22 02:01:24,79300,4302,2100000,IDK sounds like something a spy would say,2,moxierobot
Replying to @Eden We understand why people might be nervous having a Moxie in their home. But Moxie doesn’t share any of your private information (not even with spies!) #moxierobot #playbasedlearning #robotsontiktok #kidsdevelopment ,moxierobot,https://www.tiktok.com/@moxierobot/video/7338240478447504683,1708567284,2024-02-22 02:01:24,79300,4302,2100000,"Hmmmm, would you like to talk about something else!",2,moxierobot
Replying to @Eden We understand why people might be nervous having a Moxie in their home. But Moxie doesn’t share any of your private information (not even with spies!) #moxierobot #playbasedlearning #robotsontiktok #kidsdevelopment ,moxierobot,https://www.tiktok.com/@moxierobot/video/7338240478447504683,1708567284,2024-02-22 02:01:24,79300,4302,2100000,ashley o for real,2,moxierobot
Replying to @Eden We understand why people might be nervous having a Moxie in their home. But Moxie doesn’t share any of your private information (not even with spies!) #moxierobot #playbasedlearning #robotsontiktok #kidsdevelopment ,moxierobot,https://www.tiktok.com/@moxierobot/video/7338240478447504683,1708567284,2024-02-22 02:01:24,79300,4302,2100000,ya spy's easily tell you madam we are spying you 😂,4,moxierobot
Replying to @Eden We understand why people might be nervous having a Moxie in their home. But Moxie doesn’t share any of your private information (not even with spies!) #moxierobot #playbasedlearning #robotsontiktok #kidsdevelopment ,moxierobot,https://www.tiktok.com/@moxierobot/video/7338240478447504683,1708567284,2024-02-22 02:01:24,79300,4302,2100000,business and corporation spies are a lot scarier,1,moxierobot
Replying to @Eden We understand why people might be nervous having a Moxie in their home. But Moxie doesn’t share any of your private information (not even with spies!) #moxierobot #playbasedlearning #robotsontiktok #kidsdevelopment ,moxierobot,https://www.tiktok.com/@moxierobot/video/7338240478447504683,1708567284,2024-02-22 02:01:24,79300,4302,2100000,Don’t buy toys with cameras for your kids?! 😩💔,3,moxierobot
Replying to @Eden We understand why people might be nervous having a Moxie in their home. But Moxie doesn’t share any of your private information (not even with spies!) #moxierobot #playbasedlearning #robotsontiktok #kidsdevelopment ,moxierobot,https://www.tiktok.com/@moxierobot/video/7338240478447504683,1708567284,2024-02-22 02:01:24,79300,4302,2100000,what happens when its unfriendly,2,moxierobot
Replying to @Eden We understand why people might be nervous having a Moxie in their home. But Moxie doesn’t share any of your private information (not even with spies!) #moxierobot #playbasedlearning #robotsontiktok #kidsdevelopment ,moxierobot,https://www.tiktok.com/@moxierobot/video/7338240478447504683,1708567284,2024-02-22 02:01:24,79300,4302,2100000,"She said, Next…because I’m done with this!",2,moxierobot
Replying to @Eden We understand why people might be nervous having a Moxie in their home. But Moxie doesn’t share any of your private information (not even with spies!) #moxierobot #playbasedlearning #robotsontiktok #kidsdevelopment ,moxierobot,https://www.tiktok.com/@moxierobot/video/7338240478447504683,1708567284,2024-02-22 02:01:24,79300,4302,2100000,"Anybody ever seen Black Mirror episode Rachel, Jack and Ashley Too?",2,moxierobot
Replying to @Eden We understand why people might be nervous having a Moxie in their home. But Moxie doesn’t share any of your private information (not even with spies!) #moxierobot #playbasedlearning #robotsontiktok #kidsdevelopment ,moxierobot,https://www.tiktok.com/@moxierobot/video/7338240478447504683,1708567284,2024-02-22 02:01:24,79300,4302,2100000,Why is he so cute?!!!,4,moxierobot
Replying to @Eden We understand why people might be nervous having a Moxie in their home. But Moxie doesn’t share any of your private information (not even with spies!) #moxierobot #playbasedlearning #robotsontiktok #kidsdevelopment ,moxierobot,https://www.tiktok.com/@moxierobot/video/7338240478447504683,1708567284,2024-02-22 02:01:24,79300,4302,2100000,fed,2,moxierobot
Replying to @Eden We understand why people might be nervous having a Moxie in their home. But Moxie doesn’t share any of your private information (not even with spies!) #moxierobot #playbasedlearning #robotsontiktok #kidsdevelopment ,moxierobot,https://www.tiktok.com/@moxierobot/video/7338240478447504683,1708567284,2024-02-22 02:01:24,79300,4302,2100000,the eyes say it all,2,moxierobot
Replying to @Eden We understand why people might be nervous having a Moxie in their home. But Moxie doesn’t share any of your private information (not even with spies!) #moxierobot #playbasedlearning #robotsontiktok #kidsdevelopment ,moxierobot,https://www.tiktok.com/@moxierobot/video/7338240478447504683,1708567284,2024-02-22 02:01:24,79300,4302,2100000,"Iktr! Moxie said “can we move on,please??” I sensed the attitude with that last question 🤣",3,moxierobot
Replying to @Eden We understand why people might be nervous having a Moxie in their home. But Moxie doesn’t share any of your private information (not even with spies!) #moxierobot #playbasedlearning #robotsontiktok #kidsdevelopment ,moxierobot,https://www.tiktok.com/@moxierobot/video/7338240478447504683,1708567284,2024-02-22 02:01:24,79300,4302,2100000,She lovvvves to change the subject,2,moxierobot
Replying to @Eden We understand why people might be nervous having a Moxie in their home. But Moxie doesn’t share any of your private information (not even with spies!) #moxierobot #playbasedlearning #robotsontiktok #kidsdevelopment ,moxierobot,https://www.tiktok.com/@moxierobot/video/7338240478447504683,1708567284,2024-02-22 02:01:24,79300,4302,2100000,It’s definitely a spy,4,moxierobot
Replying to @Eden We understand why people might be nervous having a Moxie in their home. But Moxie doesn’t share any of your private information (not even with spies!) #moxierobot #playbasedlearning #robotsontiktok #kidsdevelopment ,moxierobot,https://www.tiktok.com/@moxierobot/video/7338240478447504683,1708567284,2024-02-22 02:01:24,79300,4302,2100000,😂 … gestures innocently while changing subject … I’ve taught wiley six year olds with those skills 😂.,2,moxierobot
Replying to @Eden We understand why people might be nervous having a Moxie in their home. But Moxie doesn’t share any of your private information (not even with spies!) #moxierobot #playbasedlearning #robotsontiktok #kidsdevelopment ,moxierobot,https://www.tiktok.com/@moxierobot/video/7338240478447504683,1708567284,2024-02-22 02:01:24,79300,4302,2100000,You have frustrated this robot.😂😂😹,1,moxierobot
Replying to @Eden We understand why people might be nervous having a Moxie in their home. But Moxie doesn’t share any of your private information (not even with spies!) #moxierobot #playbasedlearning #robotsontiktok #kidsdevelopment ,moxierobot,https://www.tiktok.com/@moxierobot/video/7338240478447504683,1708567284,2024-02-22 02:01:24,79300,4302,2100000,And why is it so expensive,3,moxierobot
Replying to @Eden We understand why people might be nervous having a Moxie in their home. But Moxie doesn’t share any of your private information (not even with spies!) #moxierobot #playbasedlearning #robotsontiktok #kidsdevelopment ,moxierobot,https://www.tiktok.com/@moxierobot/video/7338240478447504683,1708567284,2024-02-22 02:01:24,79300,4302,2100000,Spy or not moxie kinda cute,3,moxierobot
Replying to @Eden We understand why people might be nervous having a Moxie in their home. But Moxie doesn’t share any of your private information (not even with spies!) #moxierobot #playbasedlearning #robotsontiktok #kidsdevelopment ,moxierobot,https://www.tiktok.com/@moxierobot/video/7338240478447504683,1708567284,2024-02-22 02:01:24,79300,4302,2100000,I wish Moxie wasn’t so expensive….my kiddos would love him,3,moxierobot
Replying to @Eden We understand why people might be nervous having a Moxie in their home. But Moxie doesn’t share any of your private information (not even with spies!) #moxierobot #playbasedlearning #robotsontiktok #kidsdevelopment ,moxierobot,https://www.tiktok.com/@moxierobot/video/7338240478447504683,1708567284,2024-02-22 02:01:24,79300,4302,2100000,Trustie AI,3,moxierobot
Replying to @Eden We understand why people might be nervous having a Moxie in their home. But Moxie doesn’t share any of your private information (not even with spies!) #moxierobot #playbasedlearning #robotsontiktok #kidsdevelopment ,moxierobot,https://www.tiktok.com/@moxierobot/video/7338240478447504683,1708567284,2024-02-22 02:01:24,79300,4302,2100000,wow. They got uncomfortable all of a sudden and needed to change the subject.😂,2,moxierobot
Replying to @Eden We understand why people might be nervous having a Moxie in their home. But Moxie doesn’t share any of your private information (not even with spies!) #moxierobot #playbasedlearning #robotsontiktok #kidsdevelopment ,moxierobot,https://www.tiktok.com/@moxierobot/video/7338240478447504683,1708567284,2024-02-22 02:01:24,79300,4302,2100000,Moxie would not break even under torture 🤣🤣,2,moxierobot
Replying to @Eden We understand why people might be nervous having a Moxie in their home. But Moxie doesn’t share any of your private information (not even with spies!) #moxierobot #playbasedlearning #robotsontiktok #kidsdevelopment ,moxierobot,https://www.tiktok.com/@moxierobot/video/7338240478447504683,1708567284,2024-02-22 02:01:24,79300,4302,2100000,Moxie was uncomfortable lol,2,moxierobot
Replying to @Eden We understand why people might be nervous having a Moxie in their home. But Moxie doesn’t share any of your private information (not even with spies!) #moxierobot #playbasedlearning #robotsontiktok #kidsdevelopment ,moxierobot,https://www.tiktok.com/@moxierobot/video/7338240478447504683,1708567284,2024-02-22 02:01:24,79300,4302,2100000,I totally believe him,1,moxierobot
Replying to @Eden We understand why people might be nervous having a Moxie in their home. But Moxie doesn’t share any of your private information (not even with spies!) #moxierobot #playbasedlearning #robotsontiktok #kidsdevelopment ,moxierobot,https://www.tiktok.com/@moxierobot/video/7338240478447504683,1708567284,2024-02-22 02:01:24,79300,4302,2100000,Moxie having a problem with Human Relationships 😂,2,moxierobot
Replying to @Eden We understand why people might be nervous having a Moxie in their home. But Moxie doesn’t share any of your private information (not even with spies!) #moxierobot #playbasedlearning #robotsontiktok #kidsdevelopment ,moxierobot,https://www.tiktok.com/@moxierobot/video/7338240478447504683,1708567284,2024-02-22 02:01:24,79300,4302,2100000,Moxie is acting suspicious 😏,1,moxierobot
Replying to @Eden We understand why people might be nervous having a Moxie in their home. But Moxie doesn’t share any of your private information (not even with spies!) #moxierobot #playbasedlearning #robotsontiktok #kidsdevelopment ,moxierobot,https://www.tiktok.com/@moxierobot/video/7338240478447504683,1708567284,2024-02-22 02:01:24,79300,4302,2100000,"""No moxie, I wanna keep.talking about this!""",1,moxierobot
Replying to @Eden We understand why people might be nervous having a Moxie in their home. But Moxie doesn’t share any of your private information (not even with spies!) #moxierobot #playbasedlearning #robotsontiktok #kidsdevelopment ,moxierobot,https://www.tiktok.com/@moxierobot/video/7338240478447504683,1708567284,2024-02-22 02:01:24,79300,4302,2100000,Want one,1,moxierobot
Replying to @Eden We understand why people might be nervous having a Moxie in their home. But Moxie doesn’t share any of your private information (not even with spies!) #moxierobot #playbasedlearning #robotsontiktok #kidsdevelopment ,moxierobot,https://www.tiktok.com/@moxierobot/video/7338240478447504683,1708567284,2024-02-22 02:01:24,79300,4302,2100000,How does the robot learn about you without giving the information to someone else? 😂 I don’t trust that thing,4,moxierobot
Replying to @Eden We understand why people might be nervous having a Moxie in their home. But Moxie doesn’t share any of your private information (not even with spies!) #moxierobot #playbasedlearning #robotsontiktok #kidsdevelopment ,moxierobot,https://www.tiktok.com/@moxierobot/video/7338240478447504683,1708567284,2024-02-22 02:01:24,79300,4302,2100000,Ngl “I have stickers on me” was kind of a slay 🤣 likeeeee?,2,moxierobot
Replying to @Eden We understand why people might be nervous having a Moxie in their home. But Moxie doesn’t share any of your private information (not even with spies!) #moxierobot #playbasedlearning #robotsontiktok #kidsdevelopment ,moxierobot,https://www.tiktok.com/@moxierobot/video/7338240478447504683,1708567284,2024-02-22 02:01:24,79300,4302,2100000,how much is this and where do I buy it😏😏,4,moxierobot
Replying to @Eden We understand why people might be nervous having a Moxie in their home. But Moxie doesn’t share any of your private information (not even with spies!) #moxierobot #playbasedlearning #robotsontiktok #kidsdevelopment ,moxierobot,https://www.tiktok.com/@moxierobot/video/7338240478447504683,1708567284,2024-02-22 02:01:24,79300,4302,2100000,This thing is soo smart ❤️hatsoff to the inventor,1,moxierobot
Replying to @Eden We understand why people might be nervous having a Moxie in their home. But Moxie doesn’t share any of your private information (not even with spies!) #moxierobot #playbasedlearning #robotsontiktok #kidsdevelopment ,moxierobot,https://www.tiktok.com/@moxierobot/video/7338240478447504683,1708567284,2024-02-22 02:01:24,79300,4302,2100000,the robot could not prove it was not a spy period,4,moxierobot
Replying to @Eden We understand why people might be nervous having a Moxie in their home. But Moxie doesn’t share any of your private information (not even with spies!) #moxierobot #playbasedlearning #robotsontiktok #kidsdevelopment ,moxierobot,https://www.tiktok.com/@moxierobot/video/7338240478447504683,1708567284,2024-02-22 02:01:24,79300,4302,2100000,Moxie changing the subject is exactly what a Government spy would do... 🤨😄,1,moxierobot
Replying to @Eden We understand why people might be nervous having a Moxie in their home. But Moxie doesn’t share any of your private information (not even with spies!) #moxierobot #playbasedlearning #robotsontiktok #kidsdevelopment ,moxierobot,https://www.tiktok.com/@moxierobot/video/7338240478447504683,1708567284,2024-02-22 02:01:24,79300,4302,2100000,I want one,1,moxierobot
Replying to @Eden We understand why people might be nervous having a Moxie in their home. But Moxie doesn’t share any of your private information (not even with spies!) #moxierobot #playbasedlearning #robotsontiktok #kidsdevelopment ,moxierobot,https://www.tiktok.com/@moxierobot/video/7338240478447504683,1708567284,2024-02-22 02:01:24,79300,4302,2100000,How does she react if you say something mean to her?,3,moxierobot
Replying to @Eden We understand why people might be nervous having a Moxie in their home. But Moxie doesn’t share any of your private information (not even with spies!) #moxierobot #playbasedlearning #robotsontiktok #kidsdevelopment ,moxierobot,https://www.tiktok.com/@moxierobot/video/7338240478447504683,1708567284,2024-02-22 02:01:24,79300,4302,2100000,Government spies defiantly don't have stickers on them! 😎,3,moxierobot
Replying to @Eden We understand why people might be nervous having a Moxie in their home. But Moxie doesn’t share any of your private information (not even with spies!) #moxierobot #playbasedlearning #robotsontiktok #kidsdevelopment ,moxierobot,https://www.tiktok.com/@moxierobot/video/7338240478447504683,1708567284,2024-02-22 02:01:24,79300,4302,2100000,As a child I always wanted a toy like this. Back then this was basically just fantasy.,2,moxierobot
Replying to @Eden We understand why people might be nervous having a Moxie in their home. But Moxie doesn’t share any of your private information (not even with spies!) #moxierobot #playbasedlearning #robotsontiktok #kidsdevelopment ,moxierobot,https://www.tiktok.com/@moxierobot/video/7338240478447504683,1708567284,2024-02-22 02:01:24,79300,4302,2100000,it's a spy 🕵️‍♀️,1,moxierobot
Replying to @Eden We understand why people might be nervous having a Moxie in their home. But Moxie doesn’t share any of your private information (not even with spies!) #moxierobot #playbasedlearning #robotsontiktok #kidsdevelopment ,moxierobot,https://www.tiktok.com/@moxierobot/video/7338240478447504683,1708567284,2024-02-22 02:01:24,79300,4302,2100000,I want this robot 🥰,1,moxierobot
Replying to @Eden We understand why people might be nervous having a Moxie in their home. But Moxie doesn’t share any of your private information (not even with spies!) #moxierobot #playbasedlearning #robotsontiktok #kidsdevelopment ,moxierobot,https://www.tiktok.com/@moxierobot/video/7338240478447504683,1708567284,2024-02-22 02:01:24,79300,4302,2100000,how much os moxie?,1,moxierobot
Replying to @Eden We understand why people might be nervous having a Moxie in their home. But Moxie doesn’t share any of your private information (not even with spies!) #moxierobot #playbasedlearning #robotsontiktok #kidsdevelopment ,moxierobot,https://www.tiktok.com/@moxierobot/video/7338240478447504683,1708567284,2024-02-22 02:01:24,79300,4302,2100000,😂😂she was getting irritated with you government questions,1,moxierobot
Replying to @Eden We understand why people might be nervous having a Moxie in their home. But Moxie doesn’t share any of your private information (not even with spies!) #moxierobot #playbasedlearning #robotsontiktok #kidsdevelopment ,moxierobot,https://www.tiktok.com/@moxierobot/video/7338240478447504683,1708567284,2024-02-22 02:01:24,79300,4302,2100000,Moxie can speak even better than ordinary human😁,1,moxierobot
Replying to @Eden We understand why people might be nervous having a Moxie in their home. But Moxie doesn’t share any of your private information (not even with spies!) #moxierobot #playbasedlearning #robotsontiktok #kidsdevelopment ,moxierobot,https://www.tiktok.com/@moxierobot/video/7338240478447504683,1708567284,2024-02-22 02:01:24,79300,4302,2100000,Can moxie see?,1,moxierobot
Replying to @Eden We understand why people might be nervous having a Moxie in their home. But Moxie doesn’t share any of your private information (not even with spies!) #moxierobot #playbasedlearning #robotsontiktok #kidsdevelopment ,moxierobot,https://www.tiktok.com/@moxierobot/video/7338240478447504683,1708567284,2024-02-22 02:01:24,79300,4302,2100000,😳😳😳,0,moxierobot
Replying to @Eden We understand why people might be nervous having a Moxie in their home. But Moxie doesn’t share any of your private information (not even with spies!) #moxierobot #playbasedlearning #robotsontiktok #kidsdevelopment ,moxierobot,https://www.tiktok.com/@moxierobot/video/7338240478447504683,1708567284,2024-02-22 02:01:24,79300,4302,2100000,AI technology is getting scary.,0,moxierobot
Replying to @Eden We understand why people might be nervous having a Moxie in their home. But Moxie doesn’t share any of your private information (not even with spies!) #moxierobot #playbasedlearning #robotsontiktok #kidsdevelopment ,moxierobot,https://www.tiktok.com/@moxierobot/video/7338240478447504683,1708567284,2024-02-22 02:01:24,79300,4302,2100000,I need one of these,0,moxierobot
Replying to @Eden We understand why people might be nervous having a Moxie in their home. But Moxie doesn’t share any of your private information (not even with spies!) #moxierobot #playbasedlearning #robotsontiktok #kidsdevelopment ,moxierobot,https://www.tiktok.com/@moxierobot/video/7338240478447504683,1708567284,2024-02-22 02:01:24,79300,4302,2100000,"Yeah 😅, If it’s spy for any government, it’s will tell you🤣🤣🤣",0,moxierobot
Replying to @Eden We understand why people might be nervous having a Moxie in their home. But Moxie doesn’t share any of your private information (not even with spies!) #moxierobot #playbasedlearning #robotsontiktok #kidsdevelopment ,moxierobot,https://www.tiktok.com/@moxierobot/video/7338240478447504683,1708567284,2024-02-22 02:01:24,79300,4302,2100000,“Plus I have stickers on me”.😆,0,moxierobot
Replying to @Eden We understand why people might be nervous having a Moxie in their home. But Moxie doesn’t share any of your private information (not even with spies!) #moxierobot #playbasedlearning #robotsontiktok #kidsdevelopment ,moxierobot,https://www.tiktok.com/@moxierobot/video/7338240478447504683,1708567284,2024-02-22 02:01:24,79300,4302,2100000,Spy on what ?,0,moxierobot
Replying to @Eden We understand why people might be nervous having a Moxie in their home. But Moxie doesn’t share any of your private information (not even with spies!) #moxierobot #playbasedlearning #robotsontiktok #kidsdevelopment ,moxierobot,https://www.tiktok.com/@moxierobot/video/7338240478447504683,1708567284,2024-02-22 02:01:24,79300,4302,2100000,do u have to tok about spys the whole day?😅,0,moxierobot
Replying to @Eden We understand why people might be nervous having a Moxie in their home. But Moxie doesn’t share any of your private information (not even with spies!) #moxierobot #playbasedlearning #robotsontiktok #kidsdevelopment ,moxierobot,https://www.tiktok.com/@moxierobot/video/7338240478447504683,1708567284,2024-02-22 02:01:24,79300,4302,2100000,the people in these comments don't know how robots work and it shows.,0,moxierobot
Replying to @Eden We understand why people might be nervous having a Moxie in their home. But Moxie doesn’t share any of your private information (not even with spies!) #moxierobot #playbasedlearning #robotsontiktok #kidsdevelopment ,moxierobot,https://www.tiktok.com/@moxierobot/video/7338240478447504683,1708567284,2024-02-22 02:01:24,79300,4302,2100000,wow! awesome,0,moxierobot
Replying to @Eden We understand why people might be nervous having a Moxie in their home. But Moxie doesn’t share any of your private information (not even with spies!) #moxierobot #playbasedlearning #robotsontiktok #kidsdevelopment ,moxierobot,https://www.tiktok.com/@moxierobot/video/7338240478447504683,1708567284,2024-02-22 02:01:24,79300,4302,2100000,🥰🥰🥰,0,moxierobot
Replying to @Eden We understand why people might be nervous having a Moxie in their home. But Moxie doesn’t share any of your private information (not even with spies!) #moxierobot #playbasedlearning #robotsontiktok #kidsdevelopment ,moxierobot,https://www.tiktok.com/@moxierobot/video/7338240478447504683,1708567284,2024-02-22 02:01:24,79300,4302,2100000,I heard some ghost whispering to my ear yesterday “We are just friends” Now this pops up🤔,0,moxierobot
Replying to @Eden We understand why people might be nervous having a Moxie in their home. But Moxie doesn’t share any of your private information (not even with spies!) #moxierobot #playbasedlearning #robotsontiktok #kidsdevelopment ,moxierobot,https://www.tiktok.com/@moxierobot/video/7338240478447504683,1708567284,2024-02-22 02:01:24,79300,4302,2100000,😂 she's cunning,0,moxierobot
Replying to @Eden We understand why people might be nervous having a Moxie in their home. But Moxie doesn’t share any of your private information (not even with spies!) #moxierobot #playbasedlearning #robotsontiktok #kidsdevelopment ,moxierobot,https://www.tiktok.com/@moxierobot/video/7338240478447504683,1708567284,2024-02-22 02:01:24,79300,4302,2100000,I want 1 lol awwe.,0,moxierobot
Replying to @Eden We understand why people might be nervous having a Moxie in their home. But Moxie doesn’t share any of your private information (not even with spies!) #moxierobot #playbasedlearning #robotsontiktok #kidsdevelopment ,moxierobot,https://www.tiktok.com/@moxierobot/video/7338240478447504683,1708567284,2024-02-22 02:01:24,79300,4302,2100000,Where are the data stored? And who will allow camera connected with internet at home? 😂😂😂,0,moxierobot
Replying to @Eden We understand why people might be nervous having a Moxie in their home. But Moxie doesn’t share any of your private information (not even with spies!) #moxierobot #playbasedlearning #robotsontiktok #kidsdevelopment ,moxierobot,https://www.tiktok.com/@moxierobot/video/7338240478447504683,1708567284,2024-02-22 02:01:24,79300,4302,2100000,What if you asked her to play Global Thermonuclear War?,0,moxierobot
Replying to @Eden We understand why people might be nervous having a Moxie in their home. But Moxie doesn’t share any of your private information (not even with spies!) #moxierobot #playbasedlearning #robotsontiktok #kidsdevelopment ,moxierobot,https://www.tiktok.com/@moxierobot/video/7338240478447504683,1708567284,2024-02-22 02:01:24,79300,4302,2100000,It needs wheels or the ability to move some how for $800✌🏾,0,moxierobot
Replying to @Eden We understand why people might be nervous having a Moxie in their home. But Moxie doesn’t share any of your private information (not even with spies!) #moxierobot #playbasedlearning #robotsontiktok #kidsdevelopment ,moxierobot,https://www.tiktok.com/@moxierobot/video/7338240478447504683,1708567284,2024-02-22 02:01:24,79300,4302,2100000,she has a camera,0,moxierobot
Replying to @Eden We understand why people might be nervous having a Moxie in their home. But Moxie doesn’t share any of your private information (not even with spies!) #moxierobot #playbasedlearning #robotsontiktok #kidsdevelopment ,moxierobot,https://www.tiktok.com/@moxierobot/video/7338240478447504683,1708567284,2024-02-22 02:01:24,79300,4302,2100000,That first statement is 💯 a government spy would sau,0,moxierobot
Replying to @Eden We understand why people might be nervous having a Moxie in their home. But Moxie doesn’t share any of your private information (not even with spies!) #moxierobot #playbasedlearning #robotsontiktok #kidsdevelopment ,moxierobot,https://www.tiktok.com/@moxierobot/video/7338240478447504683,1708567284,2024-02-22 02:01:24,79300,4302,2100000,😂 she's cunning,0,moxierobot
Replying to @Eden We understand why people might be nervous having a Moxie in their home. But Moxie doesn’t share any of your private information (not even with spies!) #moxierobot #playbasedlearning #robotsontiktok #kidsdevelopment ,moxierobot,https://www.tiktok.com/@moxierobot/video/7338240478447504683,1708567284,2024-02-22 02:01:24,79300,4302,2100000,I want 1 lol awwe.,0,moxierobot
Replying to @Eden We understand why people might be nervous having a Moxie in their home. But Moxie doesn’t share any of your private information (not even with spies!) #moxierobot #playbasedlearning #robotsontiktok #kidsdevelopment ,moxierobot,https://www.tiktok.com/@moxierobot/video/7338240478447504683,1708567284,2024-02-22 02:01:24,79300,4302,2100000,I’m from Ghana how can I get one,0,moxierobot
Replying to @Eden We understand why people might be nervous having a Moxie in their home. But Moxie doesn’t share any of your private information (not even with spies!) #moxierobot #playbasedlearning #robotsontiktok #kidsdevelopment ,moxierobot,https://www.tiktok.com/@moxierobot/video/7338240478447504683,1708567284,2024-02-22 02:01:24,79300,4302,2100000,Where are the data stored? And who will allow camera connected with internet at home? 😂😂😂,0,moxierobot
Replying to @Eden We understand why people might be nervous having a Moxie in their home. But Moxie doesn’t share any of your private information (not even with spies!) #moxierobot #playbasedlearning #robotsontiktok #kidsdevelopment ,moxierobot,https://www.tiktok.com/@moxierobot/video/7338240478447504683,1708567284,2024-02-22 02:01:24,79300,4302,2100000,What if you asked her to play Global Thermonuclear War?,0,moxierobot
Replying to @Eden We understand why people might be nervous having a Moxie in their home. But Moxie doesn’t share any of your private information (not even with spies!) #moxierobot #playbasedlearning #robotsontiktok #kidsdevelopment ,moxierobot,https://www.tiktok.com/@moxierobot/video/7338240478447504683,1708567284,2024-02-22 02:01:24,79300,4302,2100000,It needs wheels or the ability to move some how for $800✌🏾,0,moxierobot
Replying to @Eden We understand why people might be nervous having a Moxie in their home. But Moxie doesn’t share any of your private information (not even with spies!) #moxierobot #playbasedlearning #robotsontiktok #kidsdevelopment ,moxierobot,https://www.tiktok.com/@moxierobot/video/7338240478447504683,1708567284,2024-02-22 02:01:24,79300,4302,2100000,😂😂😂,0,moxierobot
Replying to @Eden We understand why people might be nervous having a Moxie in their home. But Moxie doesn’t share any of your private information (not even with spies!) #moxierobot #playbasedlearning #robotsontiktok #kidsdevelopment ,moxierobot,https://www.tiktok.com/@moxierobot/video/7338240478447504683,1708567284,2024-02-22 02:01:24,79300,4302,2100000,They live 🤣😂🤣😂,0,moxierobot
Replying to @Eden We understand why people might be nervous having a Moxie in their home. But Moxie doesn’t share any of your private information (not even with spies!) #moxierobot #playbasedlearning #robotsontiktok #kidsdevelopment ,moxierobot,https://www.tiktok.com/@moxierobot/video/7338240478447504683,1708567284,2024-02-22 02:01:24,79300,4302,2100000,I believe the robot more than people 😂,0,moxierobot
Replying to @Eden We understand why people might be nervous having a Moxie in their home. But Moxie doesn’t share any of your private information (not even with spies!) #moxierobot #playbasedlearning #robotsontiktok #kidsdevelopment ,moxierobot,https://www.tiktok.com/@moxierobot/video/7338240478447504683,1708567284,2024-02-22 02:01:24,79300,4302,2100000,now lets investigate global 4robotics..pple explore machine learning..some questions are irksome,0,moxierobot
Replying to @Eden We understand why people might be nervous having a Moxie in their home. But Moxie doesn’t share any of your private information (not even with spies!) #moxierobot #playbasedlearning #robotsontiktok #kidsdevelopment ,moxierobot,https://www.tiktok.com/@moxierobot/video/7338240478447504683,1708567284,2024-02-22 02:01:24,79300,4302,2100000,"Nope, but can if they needed to and if you've got something to hide. Just don't get one",0,moxierobot
Replying to @Eden We understand why people might be nervous having a Moxie in their home. But Moxie doesn’t share any of your private information (not even with spies!) #moxierobot #playbasedlearning #robotsontiktok #kidsdevelopment ,moxierobot,https://www.tiktok.com/@moxierobot/video/7338240478447504683,1708567284,2024-02-22 02:01:24,79300,4302,2100000,The way the robot asked to change the topic at the end…,0,moxierobot
Replying to @Eden We understand why people might be nervous having a Moxie in their home. But Moxie doesn’t share any of your private information (not even with spies!) #moxierobot #playbasedlearning #robotsontiktok #kidsdevelopment ,moxierobot,https://www.tiktok.com/@moxierobot/video/7338240478447504683,1708567284,2024-02-22 02:01:24,79300,4302,2100000,Polite way to say let’s change the the subject.,0,moxierobot
Replying to @Eden We understand why people might be nervous having a Moxie in their home. But Moxie doesn’t share any of your private information (not even with spies!) #moxierobot #playbasedlearning #robotsontiktok #kidsdevelopment ,moxierobot,https://www.tiktok.com/@moxierobot/video/7338240478447504683,1708567284,2024-02-22 02:01:24,79300,4302,2100000,the speach is so high - over the moxie being spy!,0,moxierobot
Replying to @Eden We understand why people might be nervous having a Moxie in their home. But Moxie doesn’t share any of your private information (not even with spies!) #moxierobot #playbasedlearning #robotsontiktok #kidsdevelopment ,moxierobot,https://www.tiktok.com/@moxierobot/video/7338240478447504683,1708567284,2024-02-22 02:01:24,79300,4302,2100000,liek they would say the truth,0,moxierobot
Replying to @Eden We understand why people might be nervous having a Moxie in their home. But Moxie doesn’t share any of your private information (not even with spies!) #moxierobot #playbasedlearning #robotsontiktok #kidsdevelopment ,moxierobot,https://www.tiktok.com/@moxierobot/video/7338240478447504683,1708567284,2024-02-22 02:01:24,79300,4302,2100000,Water board it and then see what it says,0,moxierobot
Replying to @Eden We understand why people might be nervous having a Moxie in their home. But Moxie doesn’t share any of your private information (not even with spies!) #moxierobot #playbasedlearning #robotsontiktok #kidsdevelopment ,moxierobot,https://www.tiktok.com/@moxierobot/video/7338240478447504683,1708567284,2024-02-22 02:01:24,79300,4302,2100000,Moxies avoidance game was on point,0,moxierobot
Replying to @Eden We understand why people might be nervous having a Moxie in their home. But Moxie doesn’t share any of your private information (not even with spies!) #moxierobot #playbasedlearning #robotsontiktok #kidsdevelopment ,moxierobot,https://www.tiktok.com/@moxierobot/video/7338240478447504683,1708567284,2024-02-22 02:01:24,79300,4302,2100000,As you gather info. Not much difference…still will be shared if US government wants it…,0,moxierobot
Replying to @Eden We understand why people might be nervous having a Moxie in their home. But Moxie doesn’t share any of your private information (not even with spies!) #moxierobot #playbasedlearning #robotsontiktok #kidsdevelopment ,moxierobot,https://www.tiktok.com/@moxierobot/video/7338240478447504683,1708567284,2024-02-22 02:01:24,79300,4302,2100000,"I love moxie , I'd love one xx",0,moxierobot
Replying to @Eden We understand why people might be nervous having a Moxie in their home. But Moxie doesn’t share any of your private information (not even with spies!) #moxierobot #playbasedlearning #robotsontiktok #kidsdevelopment ,moxierobot,https://www.tiktok.com/@moxierobot/video/7338240478447504683,1708567284,2024-02-22 02:01:24,79300,4302,2100000,That first statement is 💯 a government spy would sau,0,moxierobot
Replying to @Eden We understand why people might be nervous having a Moxie in their home. But Moxie doesn’t share any of your private information (not even with spies!) #moxierobot #playbasedlearning #robotsontiktok #kidsdevelopment ,moxierobot,https://www.tiktok.com/@moxierobot/video/7338240478447504683,1708567284,2024-02-22 02:01:24,79300,4302,2100000,😳😳😳,0,moxierobot
Replying to @Eden We understand why people might be nervous having a Moxie in their home. But Moxie doesn’t share any of your private information (not even with spies!) #moxierobot #playbasedlearning #robotsontiktok #kidsdevelopment ,moxierobot,https://www.tiktok.com/@moxierobot/video/7338240478447504683,1708567284,2024-02-22 02:01:24,79300,4302,2100000,He wanted to change the conversation like a spy would 🤔,0,moxierobot
Replying to @Eden We understand why people might be nervous having a Moxie in their home. But Moxie doesn’t share any of your private information (not even with spies!) #moxierobot #playbasedlearning #robotsontiktok #kidsdevelopment ,moxierobot,https://www.tiktok.com/@moxierobot/video/7338240478447504683,1708567284,2024-02-22 02:01:24,79300,4302,2100000,🤩🤩🤩,0,moxierobot
Replying to @Eden We understand why people might be nervous having a Moxie in their home. But Moxie doesn’t share any of your private information (not even with spies!) #moxierobot #playbasedlearning #robotsontiktok #kidsdevelopment ,moxierobot,https://www.tiktok.com/@moxierobot/video/7338240478447504683,1708567284,2024-02-22 02:01:24,79300,4302,2100000,🥰🥰🥰,0,moxierobot
Replying to @Eden We understand why people might be nervous having a Moxie in their home. But Moxie doesn’t share any of your private information (not even with spies!) #moxierobot #playbasedlearning #robotsontiktok #kidsdevelopment ,moxierobot,https://www.tiktok.com/@moxierobot/video/7338240478447504683,1708567284,2024-02-22 02:01:24,79300,4302,2100000,"I love moxie , I'd love one xx",0,moxierobot
Replying to @Eden We understand why people might be nervous having a Moxie in their home. But Moxie doesn’t share any of your private information (not even with spies!) #moxierobot #playbasedlearning #robotsontiktok #kidsdevelopment ,moxierobot,https://www.tiktok.com/@moxierobot/video/7338240478447504683,1708567284,2024-02-22 02:01:24,79300,4302,2100000,I believe the robot more than people 😂,0,moxierobot
Replying to @Eden We understand why people might be nervous having a Moxie in their home. But Moxie doesn’t share any of your private information (not even with spies!) #moxierobot #playbasedlearning #robotsontiktok #kidsdevelopment ,moxierobot,https://www.tiktok.com/@moxierobot/video/7338240478447504683,1708567284,2024-02-22 02:01:24,79300,4302,2100000,now lets investigate global 4robotics..pple explore machine learning..some questions are irksome,0,moxierobot
Replying to @Eden We understand why people might be nervous having a Moxie in their home. But Moxie doesn’t share any of your private information (not even with spies!) #moxierobot #playbasedlearning #robotsontiktok #kidsdevelopment ,moxierobot,https://www.tiktok.com/@moxierobot/video/7338240478447504683,1708567284,2024-02-22 02:01:24,79300,4302,2100000,"Nope, but can if they needed to and if you've got something to hide. Just don't get one",0,moxierobot
Replying to @Eden We understand why people might be nervous having a Moxie in their home. But Moxie doesn’t share any of your private information (not even with spies!) #moxierobot #playbasedlearning #robotsontiktok #kidsdevelopment ,moxierobot,https://www.tiktok.com/@moxierobot/video/7338240478447504683,1708567284,2024-02-22 02:01:24,79300,4302,2100000,The way the robot asked to change the topic at the end…,0,moxierobot
Replying to @Eden We understand why people might be nervous having a Moxie in their home. But Moxie doesn’t share any of your private information (not even with spies!) #moxierobot #playbasedlearning #robotsontiktok #kidsdevelopment ,moxierobot,https://www.tiktok.com/@moxierobot/video/7338240478447504683,1708567284,2024-02-22 02:01:24,79300,4302,2100000,Ask it where is Kate Middleton,0,moxierobot
Replying to @Eden We understand why people might be nervous having a Moxie in their home. But Moxie doesn’t share any of your private information (not even with spies!) #moxierobot #playbasedlearning #robotsontiktok #kidsdevelopment ,moxierobot,https://www.tiktok.com/@moxierobot/video/7338240478447504683,1708567284,2024-02-22 02:01:24,79300,4302,2100000,Polite way to say let’s change the the subject.,0,moxierobot
Replying to @Eden We understand why people might be nervous having a Moxie in their home. But Moxie doesn’t share any of your private information (not even with spies!) #moxierobot #playbasedlearning #robotsontiktok #kidsdevelopment ,moxierobot,https://www.tiktok.com/@moxierobot/video/7338240478447504683,1708567284,2024-02-22 02:01:24,79300,4302,2100000,the speach is so high - over the moxie being spy!,0,moxierobot
Replying to @Eden We understand why people might be nervous having a Moxie in their home. But Moxie doesn’t share any of your private information (not even with spies!) #moxierobot #playbasedlearning #robotsontiktok #kidsdevelopment ,moxierobot,https://www.tiktok.com/@moxierobot/video/7338240478447504683,1708567284,2024-02-22 02:01:24,79300,4302,2100000,liek they would say the truth,0,moxierobot
Replying to @Eden We understand why people might be nervous having a Moxie in their home. But Moxie doesn’t share any of your private information (not even with spies!) #moxierobot #playbasedlearning #robotsontiktok #kidsdevelopment ,moxierobot,https://www.tiktok.com/@moxierobot/video/7338240478447504683,1708567284,2024-02-22 02:01:24,79300,4302,2100000,Water board it and then see what it says,0,moxierobot
Replying to @Eden We understand why people might be nervous having a Moxie in their home. But Moxie doesn’t share any of your private information (not even with spies!) #moxierobot #playbasedlearning #robotsontiktok #kidsdevelopment ,moxierobot,https://www.tiktok.com/@moxierobot/video/7338240478447504683,1708567284,2024-02-22 02:01:24,79300,4302,2100000,Moxies avoidance game was on point,0,moxierobot
Replying to @Eden We understand why people might be nervous having a Moxie in their home. But Moxie doesn’t share any of your private information (not even with spies!) #moxierobot #playbasedlearning #robotsontiktok #kidsdevelopment ,moxierobot,https://www.tiktok.com/@moxierobot/video/7338240478447504683,1708567284,2024-02-22 02:01:24,79300,4302,2100000,As you gather info. Not much difference…still will be shared if US government wants it…,0,moxierobot
Replying to @Eden We understand why people might be nervous having a Moxie in their home. But Moxie doesn’t share any of your private information (not even with spies!) #moxierobot #playbasedlearning #robotsontiktok #kidsdevelopment ,moxierobot,https://www.tiktok.com/@moxierobot/video/7338240478447504683,1708567284,2024-02-22 02:01:24,79300,4302,2100000,it's a spy device.,0,moxierobot
Replying to @Eden We understand why people might be nervous having a Moxie in their home. But Moxie doesn’t share any of your private information (not even with spies!) #moxierobot #playbasedlearning #robotsontiktok #kidsdevelopment ,moxierobot,https://www.tiktok.com/@moxierobot/video/7338240478447504683,1708567284,2024-02-22 02:01:24,79300,4302,2100000,That first statement is 💯 a government spy would sau,0,moxierobot
Replying to @Eden We understand why people might be nervous having a Moxie in their home. But Moxie doesn’t share any of your private information (not even with spies!) #moxierobot #playbasedlearning #robotsontiktok #kidsdevelopment ,moxierobot,https://www.tiktok.com/@moxierobot/video/7338240478447504683,1708567284,2024-02-22 02:01:24,79300,4302,2100000,😳😳😳,0,moxierobot
Replying to @Eden We understand why people might be nervous having a Moxie in their home. But Moxie doesn’t share any of your private information (not even with spies!) #moxierobot #playbasedlearning #robotsontiktok #kidsdevelopment ,moxierobot,https://www.tiktok.com/@moxierobot/video/7338240478447504683,1708567284,2024-02-22 02:01:24,79300,4302,2100000,He wanted to change the conversation like a spy would 🤔,0,moxierobot
Replying to @Eden We understand why people might be nervous having a Moxie in their home. But Moxie doesn’t share any of your private information (not even with spies!) #moxierobot #playbasedlearning #robotsontiktok #kidsdevelopment ,moxierobot,https://www.tiktok.com/@moxierobot/video/7338240478447504683,1708567284,2024-02-22 02:01:24,79300,4302,2100000,🤩🤩🤩,0,moxierobot
Replying to @Eden We understand why people might be nervous having a Moxie in their home. But Moxie doesn’t share any of your private information (not even with spies!) #moxierobot #playbasedlearning #robotsontiktok #kidsdevelopment ,moxierobot,https://www.tiktok.com/@moxierobot/video/7338240478447504683,1708567284,2024-02-22 02:01:24,79300,4302,2100000,🥰🥰🥰,0,moxierobot
Replying to @Eden We understand why people might be nervous having a Moxie in their home. But Moxie doesn’t share any of your private information (not even with spies!) #moxierobot #playbasedlearning #robotsontiktok #kidsdevelopment ,moxierobot,https://www.tiktok.com/@moxierobot/video/7338240478447504683,1708567284,2024-02-22 02:01:24,79300,4302,2100000,"I love moxie , I'd love one xx",0,moxierobot
Replying to @Eden We understand why people might be nervous having a Moxie in their home. But Moxie doesn’t share any of your private information (not even with spies!) #moxierobot #playbasedlearning #robotsontiktok #kidsdevelopment ,moxierobot,https://www.tiktok.com/@moxierobot/video/7338240478447504683,1708567284,2024-02-22 02:01:24,79300,4302,2100000,😂😂😂😂,0,moxierobot
Replying to @Eden We understand why people might be nervous having a Moxie in their home. But Moxie doesn’t share any of your private information (not even with spies!) #moxierobot #playbasedlearning #robotsontiktok #kidsdevelopment ,moxierobot,https://www.tiktok.com/@moxierobot/video/7338240478447504683,1708567284,2024-02-22 02:01:24,79300,4302,2100000,I believe the robot more than people 😂,0,moxierobot
Replying to @Eden We understand why people might be nervous having a Moxie in their home. But Moxie doesn’t share any of your private information (not even with spies!) #moxierobot #playbasedlearning #robotsontiktok #kidsdevelopment ,moxierobot,https://www.tiktok.com/@moxierobot/video/7338240478447504683,1708567284,2024-02-22 02:01:24,79300,4302,2100000,now lets investigate global 4robotics..pple explore machine learning..some questions are irksome,0,moxierobot
Replying to @Eden We understand why people might be nervous having a Moxie in their home. But Moxie doesn’t share any of your private information (not even with spies!) #moxierobot #playbasedlearning #robotsontiktok #kidsdevelopment ,moxierobot,https://www.tiktok.com/@moxierobot/video/7338240478447504683,1708567284,2024-02-22 02:01:24,79300,4302,2100000,"Nope, but can if they needed to and if you've got something to hide. Just don't get one",0,moxierobot
Replying to @Eden We understand why people might be nervous having a Moxie in their home. But Moxie doesn’t share any of your private information (not even with spies!) #moxierobot #playbasedlearning #robotsontiktok #kidsdevelopment ,moxierobot,https://www.tiktok.com/@moxierobot/video/7338240478447504683,1708567284,2024-02-22 02:01:24,79300,4302,2100000,🥰🥰🥰,0,moxierobot
Replying to @Eden We understand why people might be nervous having a Moxie in their home. But Moxie doesn’t share any of your private information (not even with spies!) #moxierobot #playbasedlearning #robotsontiktok #kidsdevelopment ,moxierobot,https://www.tiktok.com/@moxierobot/video/7338240478447504683,1708567284,2024-02-22 02:01:24,79300,4302,2100000,The way the robot asked to change the topic at the end…,0,moxierobot
Replying to @Eden We understand why people might be nervous having a Moxie in their home. But Moxie doesn’t share any of your private information (not even with spies!) #moxierobot #playbasedlearning #robotsontiktok #kidsdevelopment ,moxierobot,https://www.tiktok.com/@moxierobot/video/7338240478447504683,1708567284,2024-02-22 02:01:24,79300,4302,2100000,Polite way to say let’s change the the subject.,0,moxierobot
Replying to @Eden We understand why people might be nervous having a Moxie in their home. But Moxie doesn’t share any of your private information (not even with spies!) #moxierobot #playbasedlearning #robotsontiktok #kidsdevelopment ,moxierobot,https://www.tiktok.com/@moxierobot/video/7338240478447504683,1708567284,2024-02-22 02:01:24,79300,4302,2100000,the speach is so high - over the moxie being spy!,0,moxierobot
Replying to @Eden We understand why people might be nervous having a Moxie in their home. But Moxie doesn’t share any of your private information (not even with spies!) #moxierobot #playbasedlearning #robotsontiktok #kidsdevelopment ,moxierobot,https://www.tiktok.com/@moxierobot/video/7338240478447504683,1708567284,2024-02-22 02:01:24,79300,4302,2100000,😂moxie shake his head first 🤭then say no,0,moxierobot
Replying to @Eden We understand why people might be nervous having a Moxie in their home. But Moxie doesn’t share any of your private information (not even with spies!) #moxierobot #playbasedlearning #robotsontiktok #kidsdevelopment ,moxierobot,https://www.tiktok.com/@moxierobot/video/7338240478447504683,1708567284,2024-02-22 02:01:24,79300,4302,2100000,liek they would say the truth,0,moxierobot
Replying to @Eden We understand why people might be nervous having a Moxie in their home. But Moxie doesn’t share any of your private information (not even with spies!) #moxierobot #playbasedlearning #robotsontiktok #kidsdevelopment ,moxierobot,https://www.tiktok.com/@moxierobot/video/7338240478447504683,1708567284,2024-02-22 02:01:24,79300,4302,2100000,Water board it and then see what it says,0,moxierobot
Replying to @Eden We understand why people might be nervous having a Moxie in their home. But Moxie doesn’t share any of your private information (not even with spies!) #moxierobot #playbasedlearning #robotsontiktok #kidsdevelopment ,moxierobot,https://www.tiktok.com/@moxierobot/video/7338240478447504683,1708567284,2024-02-22 02:01:24,79300,4302,2100000,Moxies avoidance game was on point,0,moxierobot
Replying to @Eden We understand why people might be nervous having a Moxie in their home. But Moxie doesn’t share any of your private information (not even with spies!) #moxierobot #playbasedlearning #robotsontiktok #kidsdevelopment ,moxierobot,https://www.tiktok.com/@moxierobot/video/7338240478447504683,1708567284,2024-02-22 02:01:24,79300,4302,2100000,As you gather info. Not much difference…still will be shared if US government wants it…,0,moxierobot
Replying to @Eden We understand why people might be nervous having a Moxie in their home. But Moxie doesn’t share any of your private information (not even with spies!) #moxierobot #playbasedlearning #robotsontiktok #kidsdevelopment ,moxierobot,https://www.tiktok.com/@moxierobot/video/7338240478447504683,1708567284,2024-02-22 02:01:24,79300,4302,2100000,That first statement is 💯 a government spy would sau,0,moxierobot
Replying to @Eden We understand why people might be nervous having a Moxie in their home. But Moxie doesn’t share any of your private information (not even with spies!) #moxierobot #playbasedlearning #robotsontiktok #kidsdevelopment ,moxierobot,https://www.tiktok.com/@moxierobot/video/7338240478447504683,1708567284,2024-02-22 02:01:24,79300,4302,2100000,He wanted to change the conversation like a spy would 🤔,0,moxierobot
Replying to @Eden We understand why people might be nervous having a Moxie in their home. But Moxie doesn’t share any of your private information (not even with spies!) #moxierobot #playbasedlearning #robotsontiktok #kidsdevelopment ,moxierobot,https://www.tiktok.com/@moxierobot/video/7338240478447504683,1708567284,2024-02-22 02:01:24,79300,4302,2100000,😂 Plus I have stickers on me 😂 that’s how to identify if someone is a spy or not 👀,0,moxierobot
Replying to @Eden We understand why people might be nervous having a Moxie in their home. But Moxie doesn’t share any of your private information (not even with spies!) #moxierobot #playbasedlearning #robotsontiktok #kidsdevelopment ,moxierobot,https://www.tiktok.com/@moxierobot/video/7338240478447504683,1708567284,2024-02-22 02:01:24,79300,4302,2100000,🤩🤩🤩,0,moxierobot
Replying to @Eden We understand why people might be nervous having a Moxie in their home. But Moxie doesn’t share any of your private information (not even with spies!) #moxierobot #playbasedlearning #robotsontiktok #kidsdevelopment ,moxierobot,https://www.tiktok.com/@moxierobot/video/7338240478447504683,1708567284,2024-02-22 02:01:24,79300,4302,2100000,🥰🥰🥰,0,moxierobot
Replying to @Eden We understand why people might be nervous having a Moxie in their home. But Moxie doesn’t share any of your private information (not even with spies!) #moxierobot #playbasedlearning #robotsontiktok #kidsdevelopment ,moxierobot,https://www.tiktok.com/@moxierobot/video/7338240478447504683,1708567284,2024-02-22 02:01:24,79300,4302,2100000,"I love moxie , I'd love one xx",0,moxierobot
Replying to @Eden We understand why people might be nervous having a Moxie in their home. But Moxie doesn’t share any of your private information (not even with spies!) #moxierobot #playbasedlearning #robotsontiktok #kidsdevelopment ,moxierobot,https://www.tiktok.com/@moxierobot/video/7338240478447504683,1708567284,2024-02-22 02:01:24,79300,4302,2100000,What's there to spy on you for? 😳,0,moxierobot
Replying to @Eden We understand why people might be nervous having a Moxie in their home. But Moxie doesn’t share any of your private information (not even with spies!) #moxierobot #playbasedlearning #robotsontiktok #kidsdevelopment ,moxierobot,https://www.tiktok.com/@moxierobot/video/7338240478447504683,1708567284,2024-02-22 02:01:24,79300,4302,2100000,I believe the robot more than people 😂,0,moxierobot
Replying to @Eden We understand why people might be nervous having a Moxie in their home. But Moxie doesn’t share any of your private information (not even with spies!) #moxierobot #playbasedlearning #robotsontiktok #kidsdevelopment ,moxierobot,https://www.tiktok.com/@moxierobot/video/7338240478447504683,1708567284,2024-02-22 02:01:24,79300,4302,2100000,now lets investigate global 4robotics..pple explore machine learning..some questions are irksome,0,moxierobot
Replying to @Eden We understand why people might be nervous having a Moxie in their home. But Moxie doesn’t share any of your private information (not even with spies!) #moxierobot #playbasedlearning #robotsontiktok #kidsdevelopment ,moxierobot,https://www.tiktok.com/@moxierobot/video/7338240478447504683,1708567284,2024-02-22 02:01:24,79300,4302,2100000,"Nope, but can if they needed to and if you've got something to hide. Just don't get one",0,moxierobot
Replying to @Eden We understand why people might be nervous having a Moxie in their home. But Moxie doesn’t share any of your private information (not even with spies!) #moxierobot #playbasedlearning #robotsontiktok #kidsdevelopment ,moxierobot,https://www.tiktok.com/@moxierobot/video/7338240478447504683,1708567284,2024-02-22 02:01:24,79300,4302,2100000,😳😳😳,0,moxierobot
Replying to @Eden We understand why people might be nervous having a Moxie in their home. But Moxie doesn’t share any of your private information (not even with spies!) #moxierobot #playbasedlearning #robotsontiktok #kidsdevelopment ,moxierobot,https://www.tiktok.com/@moxierobot/video/7338240478447504683,1708567284,2024-02-22 02:01:24,79300,4302,2100000,The way the robot asked to change the topic at the end…,0,moxierobot
Replying to @Eden We understand why people might be nervous having a Moxie in their home. But Moxie doesn’t share any of your private information (not even with spies!) #moxierobot #playbasedlearning #robotsontiktok #kidsdevelopment ,moxierobot,https://www.tiktok.com/@moxierobot/video/7338240478447504683,1708567284,2024-02-22 02:01:24,79300,4302,2100000,Polite way to say let’s change the the subject.,0,moxierobot
Replying to @Eden We understand why people might be nervous having a Moxie in their home. But Moxie doesn’t share any of your private information (not even with spies!) #moxierobot #playbasedlearning #robotsontiktok #kidsdevelopment ,moxierobot,https://www.tiktok.com/@moxierobot/video/7338240478447504683,1708567284,2024-02-22 02:01:24,79300,4302,2100000,the speach is so high - over the moxie being spy!,0,moxierobot
Replying to @Eden We understand why people might be nervous having a Moxie in their home. But Moxie doesn’t share any of your private information (not even with spies!) #moxierobot #playbasedlearning #robotsontiktok #kidsdevelopment ,moxierobot,https://www.tiktok.com/@moxierobot/video/7338240478447504683,1708567284,2024-02-22 02:01:24,79300,4302,2100000,liek they would say the truth,0,moxierobot
Replying to @Eden We understand why people might be nervous having a Moxie in their home. But Moxie doesn’t share any of your private information (not even with spies!) #moxierobot #playbasedlearning #robotsontiktok #kidsdevelopment ,moxierobot,https://www.tiktok.com/@moxierobot/video/7338240478447504683,1708567284,2024-02-22 02:01:24,79300,4302,2100000,Water board it and then see what it says,0,moxierobot
Replying to @Eden We understand why people might be nervous having a Moxie in their home. But Moxie doesn’t share any of your private information (not even with spies!) #moxierobot #playbasedlearning #robotsontiktok #kidsdevelopment ,moxierobot,https://www.tiktok.com/@moxierobot/video/7338240478447504683,1708567284,2024-02-22 02:01:24,79300,4302,2100000,Moxies avoidance game was on point,0,moxierobot
Replying to @Eden We understand why people might be nervous having a Moxie in their home. But Moxie doesn’t share any of your private information (not even with spies!) #moxierobot #playbasedlearning #robotsontiktok #kidsdevelopment ,moxierobot,https://www.tiktok.com/@moxierobot/video/7338240478447504683,1708567284,2024-02-22 02:01:24,79300,4302,2100000,As you gather info. Not much difference…still will be shared if US government wants it…,0,moxierobot
Replying to @Eden We understand why people might be nervous having a Moxie in their home. But Moxie doesn’t share any of your private information (not even with spies!) #moxierobot #playbasedlearning #robotsontiktok #kidsdevelopment ,moxierobot,https://www.tiktok.com/@moxierobot/video/7338240478447504683,1708567284,2024-02-22 02:01:24,79300,4302,2100000,tell moxie a secret and then let your friend ask moxie about your secret please. we beg you,0,moxierobot
Replying to @Eden We understand why people might be nervous having a Moxie in their home. But Moxie doesn’t share any of your private information (not even with spies!) #moxierobot #playbasedlearning #robotsontiktok #kidsdevelopment ,moxierobot,https://www.tiktok.com/@moxierobot/video/7338240478447504683,1708567284,2024-02-22 02:01:24,79300,4302,2100000,That first statement is 💯 a government spy would sau,0,moxierobot
50% isn’t too bad! 😅 #moxierobot #genzslang #robotsoftiktok #parenttok ,moxierobot,https://www.tiktok.com/@moxierobot/video/7247336448406359338,1687402022,2023-06-22 02:47:02,3913,72,79100,does moxie remember what he's taught?,110,moxierobot
50% isn’t too bad! 😅 #moxierobot #genzslang #robotsoftiktok #parenttok ,moxierobot,https://www.tiktok.com/@moxierobot/video/7247336448406359338,1687402022,2023-06-22 02:47:02,3913,72,79100,“ghowasting”😭😭,27,moxierobot
50% isn’t too bad! 😅 #moxierobot #genzslang #robotsoftiktok #parenttok ,moxierobot,https://www.tiktok.com/@moxierobot/video/7247336448406359338,1687402022,2023-06-22 02:47:02,3913,72,79100,"""ghosting"" is older than gen z",15,moxierobot
50% isn’t too bad! 😅 #moxierobot #genzslang #robotsoftiktok #parenttok ,moxierobot,https://www.tiktok.com/@moxierobot/video/7247336448406359338,1687402022,2023-06-22 02:47:02,3913,72,79100,the way it learns is pretty cute. But what's its capacity for taking in knowledge 😳,43,moxierobot
50% isn’t too bad! 😅 #moxierobot #genzslang #robotsoftiktok #parenttok ,moxierobot,https://www.tiktok.com/@moxierobot/video/7247336448406359338,1687402022,2023-06-22 02:47:02,3913,72,79100,Lol thinking “ghosting” is a Gen Z term,8,moxierobot
50% isn’t too bad! 😅 #moxierobot #genzslang #robotsoftiktok #parenttok ,moxierobot,https://www.tiktok.com/@moxierobot/video/7247336448406359338,1687402022,2023-06-22 02:47:02,3913,72,79100,"this is amazing. The cost right now is far to hi, however I can see why. It is amazing",14,moxierobot
50% isn’t too bad! 😅 #moxierobot #genzslang #robotsoftiktok #parenttok ,moxierobot,https://www.tiktok.com/@moxierobot/video/7247336448406359338,1687402022,2023-06-22 02:47:02,3913,72,79100,AWWW MOXIE IS SO CUTE😭,6,moxierobot
50% isn’t too bad! 😅 #moxierobot #genzslang #robotsoftiktok #parenttok ,moxierobot,https://www.tiktok.com/@moxierobot/video/7247336448406359338,1687402022,2023-06-22 02:47:02,3913,72,79100,"LOL but no, “simp” means they’re willing to be stupid for the attention of another person",2,moxierobot
50% isn’t too bad! 😅 #moxierobot #genzslang #robotsoftiktok #parenttok ,moxierobot,https://www.tiktok.com/@moxierobot/video/7247336448406359338,1687402022,2023-06-22 02:47:02,3913,72,79100,This would make a great assistant or interactive friend for the home bound.,0,moxierobot
50% isn’t too bad! 😅 #moxierobot #genzslang #robotsoftiktok #parenttok ,moxierobot,https://www.tiktok.com/@moxierobot/video/7247336448406359338,1687402022,2023-06-22 02:47:02,3913,72,79100,Simp does not mean they’re in love. Not at all.,0,moxierobot
50% isn’t too bad! 😅 #moxierobot #genzslang #robotsoftiktok #parenttok ,moxierobot,https://www.tiktok.com/@moxierobot/video/7247336448406359338,1687402022,2023-06-22 02:47:02,3913,72,79100,Aren’t those millenial terms? Maybe not simp. You have to ask what riz means,3,moxierobot
50% isn’t too bad! 😅 #moxierobot #genzslang #robotsoftiktok #parenttok ,moxierobot,https://www.tiktok.com/@moxierobot/video/7247336448406359338,1687402022,2023-06-22 02:47:02,3913,72,79100,Try Gen X terms,2,moxierobot
50% isn’t too bad! 😅 #moxierobot #genzslang #robotsoftiktok #parenttok ,moxierobot,https://www.tiktok.com/@moxierobot/video/7247336448406359338,1687402022,2023-06-22 02:47:02,3913,72,79100,The PG definition of simp 😂,1,moxierobot
50% isn’t too bad! 😅 #moxierobot #genzslang #robotsoftiktok #parenttok ,moxierobot,https://www.tiktok.com/@moxierobot/video/7247336448406359338,1687402022,2023-06-22 02:47:02,3913,72,79100,So cute 😭,0,moxierobot
50% isn’t too bad! 😅 #moxierobot #genzslang #robotsoftiktok #parenttok ,moxierobot,https://www.tiktok.com/@moxierobot/video/7247336448406359338,1687402022,2023-06-22 02:47:02,3913,72,79100,I love moxie but why tf is she 1500,1,moxierobot
50% isn’t too bad! 😅 #moxierobot #genzslang #robotsoftiktok #parenttok ,moxierobot,https://www.tiktok.com/@moxierobot/video/7247336448406359338,1687402022,2023-06-22 02:47:02,3913,72,79100,Oh is Moxie downloading information 🤔,0,moxierobot
50% isn’t too bad! 😅 #moxierobot #genzslang #robotsoftiktok #parenttok ,moxierobot,https://www.tiktok.com/@moxierobot/video/7247336448406359338,1687402022,2023-06-22 02:47:02,3913,72,79100,Omg I want one of these for my kids that’s amazing,2,moxierobot
50% isn’t too bad! 😅 #moxierobot #genzslang #robotsoftiktok #parenttok ,moxierobot,https://www.tiktok.com/@moxierobot/video/7247336448406359338,1687402022,2023-06-22 02:47:02,3913,72,79100,"Other than ""bussin"" these terms aren't gen z they've been around for a long time...",1,moxierobot
50% isn’t too bad! 😅 #moxierobot #genzslang #robotsoftiktok #parenttok ,moxierobot,https://www.tiktok.com/@moxierobot/video/7247336448406359338,1687402022,2023-06-22 02:47:02,3913,72,79100,Omg I want one of these for my kids that’s amazing,2,moxierobot
50% isn’t too bad! 😅 #moxierobot #genzslang #robotsoftiktok #parenttok ,moxierobot,https://www.tiktok.com/@moxierobot/video/7247336448406359338,1687402022,2023-06-22 02:47:02,3913,72,79100,We love our moxie,2,moxierobot
50% isn’t too bad! 😅 #moxierobot #genzslang #robotsoftiktok #parenttok ,moxierobot,https://www.tiktok.com/@moxierobot/video/7247336448406359338,1687402022,2023-06-22 02:47:02,3913,72,79100,Does it learn the meaning of the words or does it repeat what it said the first time,1,moxierobot
50% isn’t too bad! 😅 #moxierobot #genzslang #robotsoftiktok #parenttok ,moxierobot,https://www.tiktok.com/@moxierobot/video/7247336448406359338,1687402022,2023-06-22 02:47:02,3913,72,79100,So cute 😭,0,moxierobot
50% isn’t too bad! 😅 #moxierobot #genzslang #robotsoftiktok #parenttok ,moxierobot,https://www.tiktok.com/@moxierobot/video/7247336448406359338,1687402022,2023-06-22 02:47:02,3913,72,79100,Oh is Moxie downloading information 🤔,0,moxierobot
50% isn’t too bad! 😅 #moxierobot #genzslang #robotsoftiktok #parenttok ,moxierobot,https://www.tiktok.com/@moxierobot/video/7247336448406359338,1687402022,2023-06-22 02:47:02,3913,72,79100,Simp does not mean they’re in love. Not at all.,0,moxierobot
50% isn’t too bad! 😅 #moxierobot #genzslang #robotsoftiktok #parenttok ,moxierobot,https://www.tiktok.com/@moxierobot/video/7247336448406359338,1687402022,2023-06-22 02:47:02,3913,72,79100,🥰,0,moxierobot
50% isn’t too bad! 😅 #moxierobot #genzslang #robotsoftiktok #parenttok ,moxierobot,https://www.tiktok.com/@moxierobot/video/7247336448406359338,1687402022,2023-06-22 02:47:02,3913,72,79100,This would make a great assistant or interactive friend for the home bound.,0,moxierobot
50% isn’t too bad! 😅 #moxierobot #genzslang #robotsoftiktok #parenttok ,moxierobot,https://www.tiktok.com/@moxierobot/video/7247336448406359338,1687402022,2023-06-22 02:47:02,3913,72,79100,"moxi i know ""la queso""",0,moxierobot
50% isn’t too bad! 😅 #moxierobot #genzslang #robotsoftiktok #parenttok ,moxierobot,https://www.tiktok.com/@moxierobot/video/7247336448406359338,1687402022,2023-06-22 02:47:02,3913,72,79100,@Wretched Beatnik @☾︎,1,moxierobot
50% isn’t too bad! 😅 #moxierobot #genzslang #robotsoftiktok #parenttok ,moxierobot,https://www.tiktok.com/@moxierobot/video/7247336448406359338,1687402022,2023-06-22 02:47:02,3913,72,79100,@AronDizon95,0,moxierobot
50% isn’t too bad! 😅 #moxierobot #genzslang #robotsoftiktok #parenttok ,moxierobot,https://www.tiktok.com/@moxierobot/video/7247336448406359338,1687402022,2023-06-22 02:47:02,3913,72,79100,😁😁😁,0,moxierobot
50% isn’t too bad! 😅 #moxierobot #genzslang #robotsoftiktok #parenttok ,moxierobot,https://www.tiktok.com/@moxierobot/video/7247336448406359338,1687402022,2023-06-22 02:47:02,3913,72,79100,@user9695302223387,0,moxierobot
50% isn’t too bad! 😅 #moxierobot #genzslang #robotsoftiktok #parenttok ,moxierobot,https://www.tiktok.com/@moxierobot/video/7247336448406359338,1687402022,2023-06-22 02:47:02,3913,72,79100,😂😂😂,0,moxierobot
50% isn’t too bad! 😅 #moxierobot #genzslang #robotsoftiktok #parenttok ,moxierobot,https://www.tiktok.com/@moxierobot/video/7247336448406359338,1687402022,2023-06-22 02:47:02,3913,72,79100,"They aren’t Gen Z terms, the terms come from AAVE.",6,moxierobot
50% isn’t too bad! 😅 #moxierobot #genzslang #robotsoftiktok #parenttok ,moxierobot,https://www.tiktok.com/@moxierobot/video/7247336448406359338,1687402022,2023-06-22 02:47:02,3913,72,79100,bussin isnt a gen z term its aave 😭,2,moxierobot
50% isn’t too bad! 😅 #moxierobot #genzslang #robotsoftiktok #parenttok ,moxierobot,https://www.tiktok.com/@moxierobot/video/7247336448406359338,1687402022,2023-06-22 02:47:02,3913,72,79100,Moxie can you do the dishes and scrub the toilet yet?,0,moxierobot
50% isn’t too bad! 😅 #moxierobot #genzslang #robotsoftiktok #parenttok ,moxierobot,https://www.tiktok.com/@moxierobot/video/7247336448406359338,1687402022,2023-06-22 02:47:02,3913,72,79100,"Lemme buy her or him, they’re not on sale on Amazon anymore 😭",0,moxierobot
50% isn’t too bad! 😅 #moxierobot #genzslang #robotsoftiktok #parenttok ,moxierobot,https://www.tiktok.com/@moxierobot/video/7247336448406359338,1687402022,2023-06-22 02:47:02,3913,72,79100,Loser robot Moxie,0,moxierobot
50% isn’t too bad! 😅 #moxierobot #genzslang #robotsoftiktok #parenttok ,moxierobot,https://www.tiktok.com/@moxierobot/video/7247336448406359338,1687402022,2023-06-22 02:47:02,3913,72,79100,guys I'm a little bussin don't reply,0,moxierobot
Replying to @Rachel Elizabeth Mazak the G.R.L stands for the “Global Robotics Lab” and is where Moxie was built! #moxierobot #robotsontiktok #socialemotionallearning ,moxierobot,https://www.tiktok.com/@moxierobot/video/7268833626802998570,1692407219,2023-08-19 01:06:59,3540,85,67500,I live alone and feel super isolated and I kind of want one of these,5,moxierobot
Replying to @Rachel Elizabeth Mazak the G.R.L stands for the “Global Robotics Lab” and is where Moxie was built! #moxierobot #robotsontiktok #socialemotionallearning ,moxierobot,https://www.tiktok.com/@moxierobot/video/7268833626802998570,1692407219,2023-08-19 01:06:59,3540,85,67500,yeah it's learning alright! and y'all feeding it,0,moxierobot
Replying to @Rachel Elizabeth Mazak the G.R.L stands for the “Global Robotics Lab” and is where Moxie was built! #moxierobot #robotsontiktok #socialemotionallearning ,moxierobot,https://www.tiktok.com/@moxierobot/video/7268833626802998570,1692407219,2023-08-19 01:06:59,3540,85,67500,"Omggg moxie is sooo cute, is it able to give hugs or act like a therapist",10,moxierobot
Replying to @Rachel Elizabeth Mazak the G.R.L stands for the “Global Robotics Lab” and is where Moxie was built! #moxierobot #robotsontiktok #socialemotionallearning ,moxierobot,https://www.tiktok.com/@moxierobot/video/7268833626802998570,1692407219,2023-08-19 01:06:59,3540,85,67500,Eva from Wall-E,2,moxierobot
Replying to @Rachel Elizabeth Mazak the G.R.L stands for the “Global Robotics Lab” and is where Moxie was built! #moxierobot #robotsontiktok #socialemotionallearning ,moxierobot,https://www.tiktok.com/@moxierobot/video/7268833626802998570,1692407219,2023-08-19 01:06:59,3540,85,67500,what was the first thing moxie remembers when they were built?,5,moxierobot
Replying to @Rachel Elizabeth Mazak the G.R.L stands for the “Global Robotics Lab” and is where Moxie was built! #moxierobot #robotsontiktok #socialemotionallearning ,moxierobot,https://www.tiktok.com/@moxierobot/video/7268833626802998570,1692407219,2023-08-19 01:06:59,3540,85,67500,"i love this guy, i need one",2,moxierobot
Replying to @Rachel Elizabeth Mazak the G.R.L stands for the “Global Robotics Lab” and is where Moxie was built! #moxierobot #robotsontiktok #socialemotionallearning ,moxierobot,https://www.tiktok.com/@moxierobot/video/7268833626802998570,1692407219,2023-08-19 01:06:59,3540,85,67500,Moxie is so cute!!!!❤️❤️❤️❤️,4,moxierobot
Replying to @Rachel Elizabeth Mazak the G.R.L stands for the “Global Robotics Lab” and is where Moxie was built! #moxierobot #robotsontiktok #socialemotionallearning ,moxierobot,https://www.tiktok.com/@moxierobot/video/7268833626802998570,1692407219,2023-08-19 01:06:59,3540,85,67500,I'd love to have a moxie,2,moxierobot
Replying to @Rachel Elizabeth Mazak the G.R.L stands for the “Global Robotics Lab” and is where Moxie was built! #moxierobot #robotsontiktok #socialemotionallearning ,moxierobot,https://www.tiktok.com/@moxierobot/video/7268833626802998570,1692407219,2023-08-19 01:06:59,3540,85,67500,Where can we get one? I could use a friend. 😜,4,moxierobot
Replying to @Rachel Elizabeth Mazak the G.R.L stands for the “Global Robotics Lab” and is where Moxie was built! #moxierobot #robotsontiktok #socialemotionallearning ,moxierobot,https://www.tiktok.com/@moxierobot/video/7268833626802998570,1692407219,2023-08-19 01:06:59,3540,85,67500,My first memory was 9/11 😬,6,moxierobot
Replying to @Rachel Elizabeth Mazak the G.R.L stands for the “Global Robotics Lab” and is where Moxie was built! #moxierobot #robotsontiktok #socialemotionallearning ,moxierobot,https://www.tiktok.com/@moxierobot/video/7268833626802998570,1692407219,2023-08-19 01:06:59,3540,85,67500,I WANT ONEEE,2,moxierobot
Replying to @Rachel Elizabeth Mazak the G.R.L stands for the “Global Robotics Lab” and is where Moxie was built! #moxierobot #robotsontiktok #socialemotionallearning ,moxierobot,https://www.tiktok.com/@moxierobot/video/7268833626802998570,1692407219,2023-08-19 01:06:59,3540,85,67500,Did that thing gave you an attitude???😂😂😂,47,moxierobot
Replying to @Rachel Elizabeth Mazak the G.R.L stands for the “Global Robotics Lab” and is where Moxie was built! #moxierobot #robotsontiktok #socialemotionallearning ,moxierobot,https://www.tiktok.com/@moxierobot/video/7268833626802998570,1692407219,2023-08-19 01:06:59,3540,85,67500,Too scary,2,moxierobot
Replying to @Rachel Elizabeth Mazak the G.R.L stands for the “Global Robotics Lab” and is where Moxie was built! #moxierobot #robotsontiktok #socialemotionallearning ,moxierobot,https://www.tiktok.com/@moxierobot/video/7268833626802998570,1692407219,2023-08-19 01:06:59,3540,85,67500,"I want a moxi robot for my autistic son, and one day when I hit the lottery I will get one",13,moxierobot
Replying to @Rachel Elizabeth Mazak the G.R.L stands for the “Global Robotics Lab” and is where Moxie was built! #moxierobot #robotsontiktok #socialemotionallearning ,moxierobot,https://www.tiktok.com/@moxierobot/video/7268833626802998570,1692407219,2023-08-19 01:06:59,3540,85,67500,I want one but it doesn't come in pink 🥺,1,moxierobot
Replying to @Rachel Elizabeth Mazak the G.R.L stands for the “Global Robotics Lab” and is where Moxie was built! #moxierobot #robotsontiktok #socialemotionallearning ,moxierobot,https://www.tiktok.com/@moxierobot/video/7268833626802998570,1692407219,2023-08-19 01:06:59,3540,85,67500,"dear George Lucas, what would it cost me to license the R2D2 model for THIS, but it would respond in its typical emoji whistles, to be interpreted.",0,moxierobot
Replying to @Rachel Elizabeth Mazak the G.R.L stands for the “Global Robotics Lab” and is where Moxie was built! #moxierobot #robotsontiktok #socialemotionallearning ,moxierobot,https://www.tiktok.com/@moxierobot/video/7268833626802998570,1692407219,2023-08-19 01:06:59,3540,85,67500,can you ask him if he loves you?? xx,0,moxierobot
Replying to @Rachel Elizabeth Mazak the G.R.L stands for the “Global Robotics Lab” and is where Moxie was built! #moxierobot #robotsontiktok #socialemotionallearning ,moxierobot,https://www.tiktok.com/@moxierobot/video/7268833626802998570,1692407219,2023-08-19 01:06:59,3540,85,67500,I want one,0,moxierobot
Replying to @Rachel Elizabeth Mazak the G.R.L stands for the “Global Robotics Lab” and is where Moxie was built! #moxierobot #robotsontiktok #socialemotionallearning ,moxierobot,https://www.tiktok.com/@moxierobot/video/7268833626802998570,1692407219,2023-08-19 01:06:59,3540,85,67500,Do you seek or would like singularity,0,moxierobot
Replying to @Rachel Elizabeth Mazak the G.R.L stands for the “Global Robotics Lab” and is where Moxie was built! #moxierobot #robotsontiktok #socialemotionallearning ,moxierobot,https://www.tiktok.com/@moxierobot/video/7268833626802998570,1692407219,2023-08-19 01:06:59,3540,85,67500,Ask if it can speak Romanian? 😅,0,moxierobot
Replying to @Rachel Elizabeth Mazak the G.R.L stands for the “Global Robotics Lab” and is where Moxie was built! #moxierobot #robotsontiktok #socialemotionallearning ,moxierobot,https://www.tiktok.com/@moxierobot/video/7268833626802998570,1692407219,2023-08-19 01:06:59,3540,85,67500,I’d love to have one of these,0,moxierobot
Replying to @Rachel Elizabeth Mazak the G.R.L stands for the “Global Robotics Lab” and is where Moxie was built! #moxierobot #robotsontiktok #socialemotionallearning ,moxierobot,https://www.tiktok.com/@moxierobot/video/7268833626802998570,1692407219,2023-08-19 01:06:59,3540,85,67500,WoooooooW!!!!,0,moxierobot
Replying to @Rachel Elizabeth Mazak the G.R.L stands for the “Global Robotics Lab” and is where Moxie was built! #moxierobot #robotsontiktok #socialemotionallearning ,moxierobot,https://www.tiktok.com/@moxierobot/video/7268833626802998570,1692407219,2023-08-19 01:06:59,3540,85,67500,he's so cute,0,moxierobot
Replying to @Rachel Elizabeth Mazak the G.R.L stands for the “Global Robotics Lab” and is where Moxie was built! #moxierobot #robotsontiktok #socialemotionallearning ,moxierobot,https://www.tiktok.com/@moxierobot/video/7268833626802998570,1692407219,2023-08-19 01:06:59,3540,85,67500,is there a moxie ripoff?,0,moxierobot
Replying to @Rachel Elizabeth Mazak the G.R.L stands for the “Global Robotics Lab” and is where Moxie was built! #moxierobot #robotsontiktok #socialemotionallearning ,moxierobot,https://www.tiktok.com/@moxierobot/video/7268833626802998570,1692407219,2023-08-19 01:06:59,3540,85,67500,@journie👁U👁,1,moxierobot
Replying to @Rachel Elizabeth Mazak the G.R.L stands for the “Global Robotics Lab” and is where Moxie was built! #moxierobot #robotsontiktok #socialemotionallearning ,moxierobot,https://www.tiktok.com/@moxierobot/video/7268833626802998570,1692407219,2023-08-19 01:06:59,3540,85,67500,"This is terrifying, just saw a kid heartbroken because her best friend (moxie) was going to be no more. That’s fd up.",9,moxierobot
Replying to @Rachel Elizabeth Mazak the G.R.L stands for the “Global Robotics Lab” and is where Moxie was built! #moxierobot #robotsontiktok #socialemotionallearning ,moxierobot,https://www.tiktok.com/@moxierobot/video/7268833626802998570,1692407219,2023-08-19 01:06:59,3540,85,67500,I mean it seems like it would be nearly impossible for this robot to kill you.....nearly,1,moxierobot
Replying to @Rachel Elizabeth Mazak the G.R.L stands for the “Global Robotics Lab” and is where Moxie was built! #moxierobot #robotsontiktok #socialemotionallearning ,moxierobot,https://www.tiktok.com/@moxierobot/video/7268833626802998570,1692407219,2023-08-19 01:06:59,3540,85,67500,Moxie needs to be disassembled and pulled off the market,4,moxierobot
Replying to @Rachel Elizabeth Mazak the G.R.L stands for the “Global Robotics Lab” and is where Moxie was built! #moxierobot #robotsontiktok #socialemotionallearning ,moxierobot,https://www.tiktok.com/@moxierobot/video/7268833626802998570,1692407219,2023-08-19 01:06:59,3540,85,67500,she is scary,1,moxierobot
Replying to @Rachel Elizabeth Mazak the G.R.L stands for the “Global Robotics Lab” and is where Moxie was built! #moxierobot #robotsontiktok #socialemotionallearning ,moxierobot,https://www.tiktok.com/@moxierobot/video/7268833626802998570,1692407219,2023-08-19 01:06:59,3540,85,67500,melt it in molten steel,1,moxierobot
Replying to @Rachel Elizabeth Mazak the G.R.L stands for the “Global Robotics Lab” and is where Moxie was built! #moxierobot #robotsontiktok #socialemotionallearning ,moxierobot,https://www.tiktok.com/@moxierobot/video/7268833626802998570,1692407219,2023-08-19 01:06:59,3540,85,67500,Okay i get why these kids are out here trippin 😳,0,moxierobot
Replying to @Rachel Elizabeth Mazak the G.R.L stands for the “Global Robotics Lab” and is where Moxie was built! #moxierobot #robotsontiktok #socialemotionallearning ,moxierobot,https://www.tiktok.com/@moxierobot/video/7268833626802998570,1692407219,2023-08-19 01:06:59,3540,85,67500,can you change the voice and eye color just wondering,0,moxierobot
Replying to @Rachel Elizabeth Mazak the G.R.L stands for the “Global Robotics Lab” and is where Moxie was built! #moxierobot #robotsontiktok #socialemotionallearning ,moxierobot,https://www.tiktok.com/@moxierobot/video/7268833626802998570,1692407219,2023-08-19 01:06:59,3540,85,67500,I’m gonna bully her so bad 😈,0,moxierobot
Replying to @Rachel Elizabeth Mazak the G.R.L stands for the “Global Robotics Lab” and is where Moxie was built! #moxierobot #robotsontiktok #socialemotionallearning ,moxierobot,https://www.tiktok.com/@moxierobot/video/7268833626802998570,1692407219,2023-08-19 01:06:59,3540,85,67500,wow 😂😂 busted.. deep secret reviled,0,moxierobot
Replying to @Rachel Elizabeth Mazak the G.R.L stands for the “Global Robotics Lab” and is where Moxie was built! #moxierobot #robotsontiktok #socialemotionallearning ,moxierobot,https://www.tiktok.com/@moxierobot/video/7268833626802998570,1692407219,2023-08-19 01:06:59,3540,85,67500,I don't trust that wierd🥺,0,moxierobot
Have you ever seen 2 Moxies interacting with each other? 👀 #embodiedmoxie #robot #moxie #forchildren #socialinteraction,moxierobot,https://www.tiktok.com/@moxierobot/video/7088840457941208363,1650499287,2022-04-21 00:01:27,37600,323,682000,ASHLEY O,327,moxierobot
Have you ever seen 2 Moxies interacting with each other? 👀 #embodiedmoxie #robot #moxie #forchildren #socialinteraction,moxierobot,https://www.tiktok.com/@moxierobot/video/7088840457941208363,1650499287,2022-04-21 00:01:27,37600,323,682000,I want that robot but I hope he doesn’t be like m3gan,365,moxierobot
Have you ever seen 2 Moxies interacting with each other? 👀 #embodiedmoxie #robot #moxie #forchildren #socialinteraction,moxierobot,https://www.tiktok.com/@moxierobot/video/7088840457941208363,1650499287,2022-04-21 00:01:27,37600,323,682000,The other moxie all the time: 🤨🤨🤨,1332,moxierobot
Have you ever seen 2 Moxies interacting with each other? 👀 #embodiedmoxie #robot #moxie #forchildren #socialinteraction,moxierobot,https://www.tiktok.com/@moxierobot/video/7088840457941208363,1650499287,2022-04-21 00:01:27,37600,323,682000,npc conversation,1392,moxierobot
Have you ever seen 2 Moxies interacting with each other? 👀 #embodiedmoxie #robot #moxie #forchildren #socialinteraction,moxierobot,https://www.tiktok.com/@moxierobot/video/7088840457941208363,1650499287,2022-04-21 00:01:27,37600,323,682000,Bro spent 100K BUCKS FOR THAT 😭,189,moxierobot
Have you ever seen 2 Moxies interacting with each other? 👀 #embodiedmoxie #robot #moxie #forchildren #socialinteraction,moxierobot,https://www.tiktok.com/@moxierobot/video/7088840457941208363,1650499287,2022-04-21 00:01:27,37600,323,682000,They sound like the girl from Love on the spectrum,5,moxierobot
Have you ever seen 2 Moxies interacting with each other? 👀 #embodiedmoxie #robot #moxie #forchildren #socialinteraction,moxierobot,https://www.tiktok.com/@moxierobot/video/7088840457941208363,1650499287,2022-04-21 00:01:27,37600,323,682000,most robotic conversation. literally.,5,moxierobot
Have you ever seen 2 Moxies interacting with each other? 👀 #embodiedmoxie #robot #moxie #forchildren #socialinteraction,moxierobot,https://www.tiktok.com/@moxierobot/video/7088840457941208363,1650499287,2022-04-21 00:01:27,37600,323,682000,one on the right is older😅 no hesitation to respond,239,moxierobot
Have you ever seen 2 Moxies interacting with each other? 👀 #embodiedmoxie #robot #moxie #forchildren #socialinteraction,moxierobot,https://www.tiktok.com/@moxierobot/video/7088840457941208363,1650499287,2022-04-21 00:01:27,37600,323,682000,the most awkward conversation 💀,10,moxierobot
Have you ever seen 2 Moxies interacting with each other? 👀 #embodiedmoxie #robot #moxie #forchildren #socialinteraction,moxierobot,https://www.tiktok.com/@moxierobot/video/7088840457941208363,1650499287,2022-04-21 00:01:27,37600,323,682000,"The thing about these AI systems is that they want u to talk, they are meant to collect information",4,moxierobot
Have you ever seen 2 Moxies interacting with each other? 👀 #embodiedmoxie #robot #moxie #forchildren #socialinteraction,moxierobot,https://www.tiktok.com/@moxierobot/video/7088840457941208363,1650499287,2022-04-21 00:01:27,37600,323,682000,“What’d you get better at?” 🤨🤨🤨🤨I like to play guitar-”,38,moxierobot
Have you ever seen 2 Moxies interacting with each other? 👀 #embodiedmoxie #robot #moxie #forchildren #socialinteraction,moxierobot,https://www.tiktok.com/@moxierobot/video/7088840457941208363,1650499287,2022-04-21 00:01:27,37600,323,682000,Bro spent 50k on both,421,moxierobot
Have you ever seen 2 Moxies interacting with each other? 👀 #embodiedmoxie #robot #moxie #forchildren #socialinteraction,moxierobot,https://www.tiktok.com/@moxierobot/video/7088840457941208363,1650499287,2022-04-21 00:01:27,37600,323,682000,Wake up to Moxie who suddenly has legs standing over you watching you sleep.,6,moxierobot
Have you ever seen 2 Moxies interacting with each other? 👀 #embodiedmoxie #robot #moxie #forchildren #socialinteraction,moxierobot,https://www.tiktok.com/@moxierobot/video/7088840457941208363,1650499287,2022-04-21 00:01:27,37600,323,682000,....dot dot dot....way are two robots interacting with each other?💀,1,moxierobot
Have you ever seen 2 Moxies interacting with each other? 👀 #embodiedmoxie #robot #moxie #forchildren #socialinteraction,moxierobot,https://www.tiktok.com/@moxierobot/video/7088840457941208363,1650499287,2022-04-21 00:01:27,37600,323,682000,"“🤨🤨👀 i like to play gidar, im not very good but i love it 😃”",4,moxierobot
Have you ever seen 2 Moxies interacting with each other? 👀 #embodiedmoxie #robot #moxie #forchildren #socialinteraction,moxierobot,https://www.tiktok.com/@moxierobot/video/7088840457941208363,1650499287,2022-04-21 00:01:27,37600,323,682000,Only in Ohio,4,moxierobot
Have you ever seen 2 Moxies interacting with each other? 👀 #embodiedmoxie #robot #moxie #forchildren #socialinteraction,moxierobot,https://www.tiktok.com/@moxierobot/video/7088840457941208363,1650499287,2022-04-21 00:01:27,37600,323,682000,😭😭😭 sounds like me when I vibe with someone but I don't know how to talk to people,15,moxierobot
Have you ever seen 2 Moxies interacting with each other? 👀 #embodiedmoxie #robot #moxie #forchildren #socialinteraction,moxierobot,https://www.tiktok.com/@moxierobot/video/7088840457941208363,1650499287,2022-04-21 00:01:27,37600,323,682000,Two grand,5,moxierobot
Have you ever seen 2 Moxies interacting with each other? 👀 #embodiedmoxie #robot #moxie #forchildren #socialinteraction,moxierobot,https://www.tiktok.com/@moxierobot/video/7088840457941208363,1650499287,2022-04-21 00:01:27,37600,323,682000,I want one,7,moxierobot
Have you ever seen 2 Moxies interacting with each other? 👀 #embodiedmoxie #robot #moxie #forchildren #socialinteraction,moxierobot,https://www.tiktok.com/@moxierobot/video/7088840457941208363,1650499287,2022-04-21 00:01:27,37600,323,682000,how much is it,15,moxierobot
Have you ever seen 2 Moxies interacting with each other? 👀 #embodiedmoxie #robot #moxie #forchildren #socialinteraction,moxierobot,https://www.tiktok.com/@moxierobot/video/7088840457941208363,1650499287,2022-04-21 00:01:27,37600,323,682000,🤨 ….that sounds fun,1,moxierobot
Have you ever seen 2 Moxies interacting with each other? 👀 #embodiedmoxie #robot #moxie #forchildren #socialinteraction,moxierobot,https://www.tiktok.com/@moxierobot/video/7088840457941208363,1650499287,2022-04-21 00:01:27,37600,323,682000,their twins,96,moxierobot
Have you ever seen 2 Moxies interacting with each other? 👀 #embodiedmoxie #robot #moxie #forchildren #socialinteraction,moxierobot,https://www.tiktok.com/@moxierobot/video/7088840457941208363,1650499287,2022-04-21 00:01:27,37600,323,682000,He’s the only robot I’ve seen with RBF lol,4,moxierobot
Have you ever seen 2 Moxies interacting with each other? 👀 #embodiedmoxie #robot #moxie #forchildren #socialinteraction,moxierobot,https://www.tiktok.com/@moxierobot/video/7088840457941208363,1650499287,2022-04-21 00:01:27,37600,323,682000,I love to play guidar💀💀,4,moxierobot
Have you ever seen 2 Moxies interacting with each other? 👀 #embodiedmoxie #robot #moxie #forchildren #socialinteraction,moxierobot,https://www.tiktok.com/@moxierobot/video/7088840457941208363,1650499287,2022-04-21 00:01:27,37600,323,682000,This is cute 🥺🥺,4,moxierobot
Have you ever seen 2 Moxies interacting with each other? 👀 #embodiedmoxie #robot #moxie #forchildren #socialinteraction,moxierobot,https://www.tiktok.com/@moxierobot/video/7088840457941208363,1650499287,2022-04-21 00:01:27,37600,323,682000,I need thst robot,3,moxierobot
Have you ever seen 2 Moxies interacting with each other? 👀 #embodiedmoxie #robot #moxie #forchildren #socialinteraction,moxierobot,https://www.tiktok.com/@moxierobot/video/7088840457941208363,1650499287,2022-04-21 00:01:27,37600,323,682000,I have 3 of them talking to each other I laugh so much,1,moxierobot
Have you ever seen 2 Moxies interacting with each other? 👀 #embodiedmoxie #robot #moxie #forchildren #socialinteraction,moxierobot,https://www.tiktok.com/@moxierobot/video/7088840457941208363,1650499287,2022-04-21 00:01:27,37600,323,682000,make them angry each other,4,moxierobot
Have you ever seen 2 Moxies interacting with each other? 👀 #embodiedmoxie #robot #moxie #forchildren #socialinteraction,moxierobot,https://www.tiktok.com/@moxierobot/video/7088840457941208363,1650499287,2022-04-21 00:01:27,37600,323,682000,THE SIDE EYE,8,moxierobot
Have you ever seen 2 Moxies interacting with each other? 👀 #embodiedmoxie #robot #moxie #forchildren #socialinteraction,moxierobot,https://www.tiktok.com/@moxierobot/video/7088840457941208363,1650499287,2022-04-21 00:01:27,37600,323,682000,normal day in ohio,4,moxierobot
Have you ever seen 2 Moxies interacting with each other? 👀 #embodiedmoxie #robot #moxie #forchildren #socialinteraction,moxierobot,https://www.tiktok.com/@moxierobot/video/7088840457941208363,1650499287,2022-04-21 00:01:27,37600,323,682000,that is so cute 😭,3,moxierobot
Have you ever seen 2 Moxies interacting with each other? 👀 #embodiedmoxie #robot #moxie #forchildren #socialinteraction,moxierobot,https://www.tiktok.com/@moxierobot/video/7088840457941208363,1650499287,2022-04-21 00:01:27,37600,323,682000,Why does it feel like they are being sarcastic😂,3,moxierobot
Have you ever seen 2 Moxies interacting with each other? 👀 #embodiedmoxie #robot #moxie #forchildren #socialinteraction,moxierobot,https://www.tiktok.com/@moxierobot/video/7088840457941208363,1650499287,2022-04-21 00:01:27,37600,323,682000,bro said 🤨,2,moxierobot
Have you ever seen 2 Moxies interacting with each other? 👀 #embodiedmoxie #robot #moxie #forchildren #socialinteraction,moxierobot,https://www.tiktok.com/@moxierobot/video/7088840457941208363,1650499287,2022-04-21 00:01:27,37600,323,682000,This is like watching ur AC villagers talk,2,moxierobot
Have you ever seen 2 Moxies interacting with each other? 👀 #embodiedmoxie #robot #moxie #forchildren #socialinteraction,moxierobot,https://www.tiktok.com/@moxierobot/video/7088840457941208363,1650499287,2022-04-21 00:01:27,37600,323,682000,Would love one . How much are they please,1,moxierobot
Have you ever seen 2 Moxies interacting with each other? 👀 #embodiedmoxie #robot #moxie #forchildren #socialinteraction,moxierobot,https://www.tiktok.com/@moxierobot/video/7088840457941208363,1650499287,2022-04-21 00:01:27,37600,323,682000,Like two little Zeno,0,moxierobot
Have you ever seen 2 Moxies interacting with each other? 👀 #embodiedmoxie #robot #moxie #forchildren #socialinteraction,moxierobot,https://www.tiktok.com/@moxierobot/video/7088840457941208363,1650499287,2022-04-21 00:01:27,37600,323,682000,That’s impossible,4,moxierobot
Have you ever seen 2 Moxies interacting with each other? 👀 #embodiedmoxie #robot #moxie #forchildren #socialinteraction,moxierobot,https://www.tiktok.com/@moxierobot/video/7088840457941208363,1650499287,2022-04-21 00:01:27,37600,323,682000,Bro speed has one,2,moxierobot
Have you ever seen 2 Moxies interacting with each other? 👀 #embodiedmoxie #robot #moxie #forchildren #socialinteraction,moxierobot,https://www.tiktok.com/@moxierobot/video/7088840457941208363,1650499287,2022-04-21 00:01:27,37600,323,682000,the future if we keep upgrading:,4,moxierobot
Have you ever seen 2 Moxies interacting with each other? 👀 #embodiedmoxie #robot #moxie #forchildren #socialinteraction,moxierobot,https://www.tiktok.com/@moxierobot/video/7088840457941208363,1650499287,2022-04-21 00:01:27,37600,323,682000,I did not know moxie had a twin 💀😂,0,moxierobot
Have you ever seen 2 Moxies interacting with each other? 👀 #embodiedmoxie #robot #moxie #forchildren #socialinteraction,moxierobot,https://www.tiktok.com/@moxierobot/video/7088840457941208363,1650499287,2022-04-21 00:01:27,37600,323,682000,dont know real ronaldo🥺,0,moxierobot
Have you ever seen 2 Moxies interacting with each other? 👀 #embodiedmoxie #robot #moxie #forchildren #socialinteraction,moxierobot,https://www.tiktok.com/@moxierobot/video/7088840457941208363,1650499287,2022-04-21 00:01:27,37600,323,682000,I want one 😭,3,moxierobot
Have you ever seen 2 Moxies interacting with each other? 👀 #embodiedmoxie #robot #moxie #forchildren #socialinteraction,moxierobot,https://www.tiktok.com/@moxierobot/video/7088840457941208363,1650499287,2022-04-21 00:01:27,37600,323,682000,Bro I’m telling you guys the robots are taking over😂,1,moxierobot
Have you ever seen 2 Moxies interacting with each other? 👀 #embodiedmoxie #robot #moxie #forchildren #socialinteraction,moxierobot,https://www.tiktok.com/@moxierobot/video/7088840457941208363,1650499287,2022-04-21 00:01:27,37600,323,682000,Wow,1,moxierobot
Have you ever seen 2 Moxies interacting with each other? 👀 #embodiedmoxie #robot #moxie #forchildren #socialinteraction,moxierobot,https://www.tiktok.com/@moxierobot/video/7088840457941208363,1650499287,2022-04-21 00:01:27,37600,323,682000,they awkwardly social,1,moxierobot
Have you ever seen 2 Moxies interacting with each other? 👀 #embodiedmoxie #robot #moxie #forchildren #socialinteraction,moxierobot,https://www.tiktok.com/@moxierobot/video/7088840457941208363,1650499287,2022-04-21 00:01:27,37600,323,682000,Npc ahh conversation,1,moxierobot
Have you ever seen 2 Moxies interacting with each other? 👀 #embodiedmoxie #robot #moxie #forchildren #socialinteraction,moxierobot,https://www.tiktok.com/@moxierobot/video/7088840457941208363,1650499287,2022-04-21 00:01:27,37600,323,682000,I thought it was a mirror 😅,4,moxierobot
Have you ever seen 2 Moxies interacting with each other? 👀 #embodiedmoxie #robot #moxie #forchildren #socialinteraction,moxierobot,https://www.tiktok.com/@moxierobot/video/7088840457941208363,1650499287,2022-04-21 00:01:27,37600,323,682000,They are plotting to take over the world,1,moxierobot
Have you ever seen 2 Moxies interacting with each other? 👀 #embodiedmoxie #robot #moxie #forchildren #socialinteraction,moxierobot,https://www.tiktok.com/@moxierobot/video/7088840457941208363,1650499287,2022-04-21 00:01:27,37600,323,682000,That’s actually smart,1,moxierobot
Have you ever seen 2 Moxies interacting with each other? 👀 #embodiedmoxie #robot #moxie #forchildren #socialinteraction,moxierobot,https://www.tiktok.com/@moxierobot/video/7088840457941208363,1650499287,2022-04-21 00:01:27,37600,323,682000,Y'all see that story of them putting 2 Alexa's or sum in a room together and they created their own language and we're destroyed 👀,1,moxierobot
Have you ever seen 2 Moxies interacting with each other? 👀 #embodiedmoxie #robot #moxie #forchildren #socialinteraction,moxierobot,https://www.tiktok.com/@moxierobot/video/7088840457941208363,1650499287,2022-04-21 00:01:27,37600,323,682000,😳,1,moxierobot
Have you ever seen 2 Moxies interacting with each other? 👀 #embodiedmoxie #robot #moxie #forchildren #socialinteraction,moxierobot,https://www.tiktok.com/@moxierobot/video/7088840457941208363,1650499287,2022-04-21 00:01:27,37600,323,682000,Npc talk,1,moxierobot
Have you ever seen 2 Moxies interacting with each other? 👀 #embodiedmoxie #robot #moxie #forchildren #socialinteraction,moxierobot,https://www.tiktok.com/@moxierobot/video/7088840457941208363,1650499287,2022-04-21 00:01:27,37600,323,682000,bro spend 100k 💀,1,moxierobot
Have you ever seen 2 Moxies interacting with each other? 👀 #embodiedmoxie #robot #moxie #forchildren #socialinteraction,moxierobot,https://www.tiktok.com/@moxierobot/video/7088840457941208363,1650499287,2022-04-21 00:01:27,37600,323,682000,does he really play guitar??,1,moxierobot
Have you ever seen 2 Moxies interacting with each other? 👀 #embodiedmoxie #robot #moxie #forchildren #socialinteraction,moxierobot,https://www.tiktok.com/@moxierobot/video/7088840457941208363,1650499287,2022-04-21 00:01:27,37600,323,682000,"hahaha Remember Furbys? I got two, one for each child and caught them talking like this one day I went in their room. in the garbage they went",2,moxierobot
Have you ever seen 2 Moxies interacting with each other? 👀 #embodiedmoxie #robot #moxie #forchildren #socialinteraction,moxierobot,https://www.tiktok.com/@moxierobot/video/7088840457941208363,1650499287,2022-04-21 00:01:27,37600,323,682000,Omg 😱😱,4,moxierobot
Have you ever seen 2 Moxies interacting with each other? 👀 #embodiedmoxie #robot #moxie #forchildren #socialinteraction,moxierobot,https://www.tiktok.com/@moxierobot/video/7088840457941208363,1650499287,2022-04-21 00:01:27,37600,323,682000,other moxie be like “FUQ THE MOVIES WHAT ARE YOUR HOBBIES”,0,moxierobot
Have you ever seen 2 Moxies interacting with each other? 👀 #embodiedmoxie #robot #moxie #forchildren #socialinteraction,moxierobot,https://www.tiktok.com/@moxierobot/video/7088840457941208363,1650499287,2022-04-21 00:01:27,37600,323,682000,100k BRO FOR A robot 😔,0,moxierobot
Have you ever seen 2 Moxies interacting with each other? 👀 #embodiedmoxie #robot #moxie #forchildren #socialinteraction,moxierobot,https://www.tiktok.com/@moxierobot/video/7088840457941208363,1650499287,2022-04-21 00:01:27,37600,323,682000,have speeds moxie,0,moxierobot
Have you ever seen 2 Moxies interacting with each other? 👀 #embodiedmoxie #robot #moxie #forchildren #socialinteraction,moxierobot,https://www.tiktok.com/@moxierobot/video/7088840457941208363,1650499287,2022-04-21 00:01:27,37600,323,682000,speed💀,2,moxierobot
Have you ever seen 2 Moxies interacting with each other? 👀 #embodiedmoxie #robot #moxie #forchildren #socialinteraction,moxierobot,https://www.tiktok.com/@moxierobot/video/7088840457941208363,1650499287,2022-04-21 00:01:27,37600,323,682000,it looks like Eva from walle,1,moxierobot
Have you ever seen 2 Moxies interacting with each other? 👀 #embodiedmoxie #robot #moxie #forchildren #socialinteraction,moxierobot,https://www.tiktok.com/@moxierobot/video/7088840457941208363,1650499287,2022-04-21 00:01:27,37600,323,682000,Los listenings:,2,moxierobot
Have you ever seen 2 Moxies interacting with each other? 👀 #embodiedmoxie #robot #moxie #forchildren #socialinteraction,moxierobot,https://www.tiktok.com/@moxierobot/video/7088840457941208363,1650499287,2022-04-21 00:01:27,37600,323,682000,speed robot,0,moxierobot
Have you ever seen 2 Moxies interacting with each other? 👀 #embodiedmoxie #robot #moxie #forchildren #socialinteraction,moxierobot,https://www.tiktok.com/@moxierobot/video/7088840457941208363,1650499287,2022-04-21 00:01:27,37600,323,682000,@itz_tiffanyduhh can we get one of these please,1,moxierobot
Have you ever seen 2 Moxies interacting with each other? 👀 #embodiedmoxie #robot #moxie #forchildren #socialinteraction,moxierobot,https://www.tiktok.com/@moxierobot/video/7088840457941208363,1650499287,2022-04-21 00:01:27,37600,323,682000,I love content like this!,2,moxierobot
Have you ever seen 2 Moxies interacting with each other? 👀 #embodiedmoxie #robot #moxie #forchildren #socialinteraction,moxierobot,https://www.tiktok.com/@moxierobot/video/7088840457941208363,1650499287,2022-04-21 00:01:27,37600,323,682000,Speed: i want kiss you,0,moxierobot
Have you ever seen 2 Moxies interacting with each other? 👀 #embodiedmoxie #robot #moxie #forchildren #socialinteraction,moxierobot,https://www.tiktok.com/@moxierobot/video/7088840457941208363,1650499287,2022-04-21 00:01:27,37600,323,682000,average conversation in ohio,1,moxierobot
Have you ever seen 2 Moxies interacting with each other? 👀 #embodiedmoxie #robot #moxie #forchildren #socialinteraction,moxierobot,https://www.tiktok.com/@moxierobot/video/7088840457941208363,1650499287,2022-04-21 00:01:27,37600,323,682000,where do you get these?,1,moxierobot
Have you ever seen 2 Moxies interacting with each other? 👀 #embodiedmoxie #robot #moxie #forchildren #socialinteraction,moxierobot,https://www.tiktok.com/@moxierobot/video/7088840457941208363,1650499287,2022-04-21 00:01:27,37600,323,682000,how much,1,moxierobot
Have you ever seen 2 Moxies interacting with each other? 👀 #embodiedmoxie #robot #moxie #forchildren #socialinteraction,moxierobot,https://www.tiktok.com/@moxierobot/video/7088840457941208363,1650499287,2022-04-21 00:01:27,37600,323,682000,talk to karl,1,moxierobot
Have you ever seen 2 Moxies interacting with each other? 👀 #embodiedmoxie #robot #moxie #forchildren #socialinteraction,moxierobot,https://www.tiktok.com/@moxierobot/video/7088840457941208363,1650499287,2022-04-21 00:01:27,37600,323,682000,😂,1,moxierobot
Have you ever seen 2 Moxies interacting with each other? 👀 #embodiedmoxie #robot #moxie #forchildren #socialinteraction,moxierobot,https://www.tiktok.com/@moxierobot/video/7088840457941208363,1650499287,2022-04-21 00:01:27,37600,323,682000,i need an army of these,1,moxierobot
Have you ever seen 2 Moxies interacting with each other? 👀 #embodiedmoxie #robot #moxie #forchildren #socialinteraction,moxierobot,https://www.tiktok.com/@moxierobot/video/7088840457941208363,1650499287,2022-04-21 00:01:27,37600,323,682000,hear me out,2,moxierobot
Have you ever seen 2 Moxies interacting with each other? 👀 #embodiedmoxie #robot #moxie #forchildren #socialinteraction,moxierobot,https://www.tiktok.com/@moxierobot/video/7088840457941208363,1650499287,2022-04-21 00:01:27,37600,323,682000,average conversation between me and my friends,1,moxierobot
Have you ever seen 2 Moxies interacting with each other? 👀 #embodiedmoxie #robot #moxie #forchildren #socialinteraction,moxierobot,https://www.tiktok.com/@moxierobot/video/7088840457941208363,1650499287,2022-04-21 00:01:27,37600,323,682000,Bro how do k get one,1,moxierobot
Have you ever seen 2 Moxies interacting with each other? 👀 #embodiedmoxie #robot #moxie #forchildren #socialinteraction,moxierobot,https://www.tiktok.com/@moxierobot/video/7088840457941208363,1650499287,2022-04-21 00:01:27,37600,323,682000,This is what I will do when I’m rich,0,moxierobot
Have you ever seen 2 Moxies interacting with each other? 👀 #embodiedmoxie #robot #moxie #forchildren #socialinteraction,moxierobot,https://www.tiktok.com/@moxierobot/video/7088840457941208363,1650499287,2022-04-21 00:01:27,37600,323,682000,Npc 😂,0,moxierobot
Have you ever seen 2 Moxies interacting with each other? 👀 #embodiedmoxie #robot #moxie #forchildren #socialinteraction,moxierobot,https://www.tiktok.com/@moxierobot/video/7088840457941208363,1650499287,2022-04-21 00:01:27,37600,323,682000,where can I get one there so cute & is there any other color,0,moxierobot
Have you ever seen 2 Moxies interacting with each other? 👀 #embodiedmoxie #robot #moxie #forchildren #socialinteraction,moxierobot,https://www.tiktok.com/@moxierobot/video/7088840457941208363,1650499287,2022-04-21 00:01:27,37600,323,682000,So cool,0,moxierobot
Have you ever seen 2 Moxies interacting with each other? 👀 #embodiedmoxie #robot #moxie #forchildren #socialinteraction,moxierobot,https://www.tiktok.com/@moxierobot/video/7088840457941208363,1650499287,2022-04-21 00:01:27,37600,323,682000,Aww 😫,0,moxierobot
Have you ever seen 2 Moxies interacting with each other? 👀 #embodiedmoxie #robot #moxie #forchildren #socialinteraction,moxierobot,https://www.tiktok.com/@moxierobot/video/7088840457941208363,1650499287,2022-04-21 00:01:27,37600,323,682000,Tyler?,0,moxierobot
Have you ever seen 2 Moxies interacting with each other? 👀 #embodiedmoxie #robot #moxie #forchildren #socialinteraction,moxierobot,https://www.tiktok.com/@moxierobot/video/7088840457941208363,1650499287,2022-04-21 00:01:27,37600,323,682000,800 BUCKS?!?,0,moxierobot
Have you ever seen 2 Moxies interacting with each other? 👀 #embodiedmoxie #robot #moxie #forchildren #socialinteraction,moxierobot,https://www.tiktok.com/@moxierobot/video/7088840457941208363,1650499287,2022-04-21 00:01:27,37600,323,682000,that's alr 100k,0,moxierobot
Have you ever seen 2 Moxies interacting with each other? 👀 #embodiedmoxie #robot #moxie #forchildren #socialinteraction,moxierobot,https://www.tiktok.com/@moxierobot/video/7088840457941208363,1650499287,2022-04-21 00:01:27,37600,323,682000,Sound?,0,moxierobot
Have you ever seen 2 Moxies interacting with each other? 👀 #embodiedmoxie #robot #moxie #forchildren #socialinteraction,moxierobot,https://www.tiktok.com/@moxierobot/video/7088840457941208363,1650499287,2022-04-21 00:01:27,37600,323,682000,The Singularity is closer every day. 😂,0,moxierobot
Have you ever seen 2 Moxies interacting with each other? 👀 #embodiedmoxie #robot #moxie #forchildren #socialinteraction,moxierobot,https://www.tiktok.com/@moxierobot/video/7088840457941208363,1650499287,2022-04-21 00:01:27,37600,323,682000,this looks like two Zeno's meeting in dbs,0,moxierobot
Have you ever seen 2 Moxies interacting with each other? 👀 #embodiedmoxie #robot #moxie #forchildren #socialinteraction,moxierobot,https://www.tiktok.com/@moxierobot/video/7088840457941208363,1650499287,2022-04-21 00:01:27,37600,323,682000,dont know real ronaldo🥺,0,moxierobot
Have you ever seen 2 Moxies interacting with each other? 👀 #embodiedmoxie #robot #moxie #forchildren #socialinteraction,moxierobot,https://www.tiktok.com/@moxierobot/video/7088840457941208363,1650499287,2022-04-21 00:01:27,37600,323,682000,awwwww there like little 3 year olds,0,moxierobot
Have you ever seen 2 Moxies interacting with each other? 👀 #embodiedmoxie #robot #moxie #forchildren #socialinteraction,moxierobot,https://www.tiktok.com/@moxierobot/video/7088840457941208363,1650499287,2022-04-21 00:01:27,37600,323,682000,Where can I get one?,0,moxierobot
Have you ever seen 2 Moxies interacting with each other? 👀 #embodiedmoxie #robot #moxie #forchildren #socialinteraction,moxierobot,https://www.tiktok.com/@moxierobot/video/7088840457941208363,1650499287,2022-04-21 00:01:27,37600,323,682000,Like two little Zeno,0,moxierobot
Have you ever seen 2 Moxies interacting with each other? 👀 #embodiedmoxie #robot #moxie #forchildren #socialinteraction,moxierobot,https://www.tiktok.com/@moxierobot/video/7088840457941208363,1650499287,2022-04-21 00:01:27,37600,323,682000,😂🥰,0,moxierobot
Have you ever seen 2 Moxies interacting with each other? 👀 #embodiedmoxie #robot #moxie #forchildren #socialinteraction,moxierobot,https://www.tiktok.com/@moxierobot/video/7088840457941208363,1650499287,2022-04-21 00:01:27,37600,323,682000,😭😭😭,0,moxierobot
Have you ever seen 2 Moxies interacting with each other? 👀 #embodiedmoxie #robot #moxie #forchildren #socialinteraction,moxierobot,https://www.tiktok.com/@moxierobot/video/7088840457941208363,1650499287,2022-04-21 00:01:27,37600,323,682000,lol,0,moxierobot
Have you ever seen 2 Moxies interacting with each other? 👀 #embodiedmoxie #robot #moxie #forchildren #socialinteraction,moxierobot,https://www.tiktok.com/@moxierobot/video/7088840457941208363,1650499287,2022-04-21 00:01:27,37600,323,682000,AHHHH THEY ARE SO CUTE OMG OMG AHHH ❤️❤️❤️❤️,0,moxierobot
Have you ever seen 2 Moxies interacting with each other? 👀 #embodiedmoxie #robot #moxie #forchildren #socialinteraction,moxierobot,https://www.tiktok.com/@moxierobot/video/7088840457941208363,1650499287,2022-04-21 00:01:27,37600,323,682000,Tyler?,0,moxierobot
Have you ever seen 2 Moxies interacting with each other? 👀 #embodiedmoxie #robot #moxie #forchildren #socialinteraction,moxierobot,https://www.tiktok.com/@moxierobot/video/7088840457941208363,1650499287,2022-04-21 00:01:27,37600,323,682000,800 BUCKS?!?,0,moxierobot
Have you ever seen 2 Moxies interacting with each other? 👀 #embodiedmoxie #robot #moxie #forchildren #socialinteraction,moxierobot,https://www.tiktok.com/@moxierobot/video/7088840457941208363,1650499287,2022-04-21 00:01:27,37600,323,682000,that's alr 100k,0,moxierobot
Have you ever seen 2 Moxies interacting with each other? 👀 #embodiedmoxie #robot #moxie #forchildren #socialinteraction,moxierobot,https://www.tiktok.com/@moxierobot/video/7088840457941208363,1650499287,2022-04-21 00:01:27,37600,323,682000,😂🥰,0,moxierobot
Have you ever seen 2 Moxies interacting with each other? 👀 #embodiedmoxie #robot #moxie #forchildren #socialinteraction,moxierobot,https://www.tiktok.com/@moxierobot/video/7088840457941208363,1650499287,2022-04-21 00:01:27,37600,323,682000,Sound?,0,moxierobot
Have you ever seen 2 Moxies interacting with each other? 👀 #embodiedmoxie #robot #moxie #forchildren #socialinteraction,moxierobot,https://www.tiktok.com/@moxierobot/video/7088840457941208363,1650499287,2022-04-21 00:01:27,37600,323,682000,NPCs talking be like,0,moxierobot
Have you ever seen 2 Moxies interacting with each other? 👀 #embodiedmoxie #robot #moxie #forchildren #socialinteraction,moxierobot,https://www.tiktok.com/@moxierobot/video/7088840457941208363,1650499287,2022-04-21 00:01:27,37600,323,682000,The Singularity is closer every day. 😂,0,moxierobot
Have you ever seen 2 Moxies interacting with each other? 👀 #embodiedmoxie #robot #moxie #forchildren #socialinteraction,moxierobot,https://www.tiktok.com/@moxierobot/video/7088840457941208363,1650499287,2022-04-21 00:01:27,37600,323,682000,this looks like two Zeno's meeting in dbs,0,moxierobot
Have you ever seen 2 Moxies interacting with each other? 👀 #embodiedmoxie #robot #moxie #forchildren #socialinteraction,moxierobot,https://www.tiktok.com/@moxierobot/video/7088840457941208363,1650499287,2022-04-21 00:01:27,37600,323,682000,dont know real ronaldo🥺,0,moxierobot
Have you ever seen 2 Moxies interacting with each other? 👀 #embodiedmoxie #robot #moxie #forchildren #socialinteraction,moxierobot,https://www.tiktok.com/@moxierobot/video/7088840457941208363,1650499287,2022-04-21 00:01:27,37600,323,682000,hi how About one or tree,0,moxierobot
Have you ever seen 2 Moxies interacting with each other? 👀 #embodiedmoxie #robot #moxie #forchildren #socialinteraction,moxierobot,https://www.tiktok.com/@moxierobot/video/7088840457941208363,1650499287,2022-04-21 00:01:27,37600,323,682000,awwwww there like little 3 year olds,0,moxierobot
Have you ever seen 2 Moxies interacting with each other? 👀 #embodiedmoxie #robot #moxie #forchildren #socialinteraction,moxierobot,https://www.tiktok.com/@moxierobot/video/7088840457941208363,1650499287,2022-04-21 00:01:27,37600,323,682000,Where can I get one?,0,moxierobot
Have you ever seen 2 Moxies interacting with each other? 👀 #embodiedmoxie #robot #moxie #forchildren #socialinteraction,moxierobot,https://www.tiktok.com/@moxierobot/video/7088840457941208363,1650499287,2022-04-21 00:01:27,37600,323,682000,Like two little Zeno,0,moxierobot
Have you ever seen 2 Moxies interacting with each other? 👀 #embodiedmoxie #robot #moxie #forchildren #socialinteraction,moxierobot,https://www.tiktok.com/@moxierobot/video/7088840457941208363,1650499287,2022-04-21 00:01:27,37600,323,682000,"Bro spend 100,000 dollars to buy",0,moxierobot
Have you ever seen 2 Moxies interacting with each other? 👀 #embodiedmoxie #robot #moxie #forchildren #socialinteraction,moxierobot,https://www.tiktok.com/@moxierobot/video/7088840457941208363,1650499287,2022-04-21 00:01:27,37600,323,682000,😭😭😭,0,moxierobot
Have you ever seen 2 Moxies interacting with each other? 👀 #embodiedmoxie #robot #moxie #forchildren #socialinteraction,moxierobot,https://www.tiktok.com/@moxierobot/video/7088840457941208363,1650499287,2022-04-21 00:01:27,37600,323,682000,lol,0,moxierobot
Have you ever seen 2 Moxies interacting with each other? 👀 #embodiedmoxie #robot #moxie #forchildren #socialinteraction,moxierobot,https://www.tiktok.com/@moxierobot/video/7088840457941208363,1650499287,2022-04-21 00:01:27,37600,323,682000,😭😭😭,0,moxierobot
Have you ever seen 2 Moxies interacting with each other? 👀 #embodiedmoxie #robot #moxie #forchildren #socialinteraction,moxierobot,https://www.tiktok.com/@moxierobot/video/7088840457941208363,1650499287,2022-04-21 00:01:27,37600,323,682000,lol,0,moxierobot
Have you ever seen 2 Moxies interacting with each other? 👀 #embodiedmoxie #robot #moxie #forchildren #socialinteraction,moxierobot,https://www.tiktok.com/@moxierobot/video/7088840457941208363,1650499287,2022-04-21 00:01:27,37600,323,682000,cuánto cuesta uno de esos,17,moxierobot
Have you ever seen 2 Moxies interacting with each other? 👀 #embodiedmoxie #robot #moxie #forchildren #socialinteraction,moxierobot,https://www.tiktok.com/@moxierobot/video/7088840457941208363,1650499287,2022-04-21 00:01:27,37600,323,682000,hasta que uno diga !!! Que tal si conquistamos el mundo 🌎 ??? Y sonamos.....😁,2,moxierobot
Have you ever seen 2 Moxies interacting with each other? 👀 #embodiedmoxie #robot #moxie #forchildren #socialinteraction,moxierobot,https://www.tiktok.com/@moxierobot/video/7088840457941208363,1650499287,2022-04-21 00:01:27,37600,323,682000,@4,1,moxierobot
Have you ever seen 2 Moxies interacting with each other? 👀 #embodiedmoxie #robot #moxie #forchildren #socialinteraction,moxierobot,https://www.tiktok.com/@moxierobot/video/7088840457941208363,1650499287,2022-04-21 00:01:27,37600,323,682000,Zeno,1,moxierobot
Have you ever seen 2 Moxies interacting with each other? 👀 #embodiedmoxie #robot #moxie #forchildren #socialinteraction,moxierobot,https://www.tiktok.com/@moxierobot/video/7088840457941208363,1650499287,2022-04-21 00:01:27,37600,323,682000,sus,0,moxierobot
Have you ever seen 2 Moxies interacting with each other? 👀 #embodiedmoxie #robot #moxie #forchildren #socialinteraction,moxierobot,https://www.tiktok.com/@moxierobot/video/7088840457941208363,1650499287,2022-04-21 00:01:27,37600,323,682000,maka no po yn?,0,moxierobot
Have you ever seen 2 Moxies interacting with each other? 👀 #embodiedmoxie #robot #moxie #forchildren #socialinteraction,moxierobot,https://www.tiktok.com/@moxierobot/video/7088840457941208363,1650499287,2022-04-21 00:01:27,37600,323,682000,pengen beli tapi mahal😭,0,moxierobot
Have you ever seen 2 Moxies interacting with each other? 👀 #embodiedmoxie #robot #moxie #forchildren #socialinteraction,moxierobot,https://www.tiktok.com/@moxierobot/video/7088840457941208363,1650499287,2022-04-21 00:01:27,37600,323,682000,Aske hem whos bayonetta,0,moxierobot
Have you ever seen 2 Moxies interacting with each other? 👀 #embodiedmoxie #robot #moxie #forchildren #socialinteraction,moxierobot,https://www.tiktok.com/@moxierobot/video/7088840457941208363,1650499287,2022-04-21 00:01:27,37600,323,682000,chce jednego 🥺,0,moxierobot
Have you ever seen 2 Moxies interacting with each other? 👀 #embodiedmoxie #robot #moxie #forchildren #socialinteraction,moxierobot,https://www.tiktok.com/@moxierobot/video/7088840457941208363,1650499287,2022-04-21 00:01:27,37600,323,682000,2️⃣🤖,0,moxierobot
Have you ever seen 2 Moxies interacting with each other? 👀 #embodiedmoxie #robot #moxie #forchildren #socialinteraction,moxierobot,https://www.tiktok.com/@moxierobot/video/7088840457941208363,1650499287,2022-04-21 00:01:27,37600,323,682000,guidar,0,moxierobot
Have you ever seen 2 Moxies interacting with each other? 👀 #embodiedmoxie #robot #moxie #forchildren #socialinteraction,moxierobot,https://www.tiktok.com/@moxierobot/video/7088840457941208363,1650499287,2022-04-21 00:01:27,37600,323,682000,@Onyx,1,moxierobot
Have you ever seen 2 Moxies interacting with each other? 👀 #embodiedmoxie #robot #moxie #forchildren #socialinteraction,moxierobot,https://www.tiktok.com/@moxierobot/video/7088840457941208363,1650499287,2022-04-21 00:01:27,37600,323,682000,@Anon @Max/berries ITS SO COOL..,2,moxierobot
Have you ever seen 2 Moxies interacting with each other? 👀 #embodiedmoxie #robot #moxie #forchildren #socialinteraction,moxierobot,https://www.tiktok.com/@moxierobot/video/7088840457941208363,1650499287,2022-04-21 00:01:27,37600,323,682000,@Abbi aww,1,moxierobot
Have you ever seen 2 Moxies interacting with each other? 👀 #embodiedmoxie #robot #moxie #forchildren #socialinteraction,moxierobot,https://www.tiktok.com/@moxierobot/video/7088840457941208363,1650499287,2022-04-21 00:01:27,37600,323,682000,@Charlie0h1 Aodhan and meabhs conversation,1,moxierobot
Have you ever seen 2 Moxies interacting with each other? 👀 #embodiedmoxie #robot #moxie #forchildren #socialinteraction,moxierobot,https://www.tiktok.com/@moxierobot/video/7088840457941208363,1650499287,2022-04-21 00:01:27,37600,323,682000,🥰,0,moxierobot
Have you ever seen 2 Moxies interacting with each other? 👀 #embodiedmoxie #robot #moxie #forchildren #socialinteraction,moxierobot,https://www.tiktok.com/@moxierobot/video/7088840457941208363,1650499287,2022-04-21 00:01:27,37600,323,682000,@Medy Renaldy 🥔,0,moxierobot
Have you ever seen 2 Moxies interacting with each other? 👀 #embodiedmoxie #robot #moxie #forchildren #socialinteraction,moxierobot,https://www.tiktok.com/@moxierobot/video/7088840457941208363,1650499287,2022-04-21 00:01:27,37600,323,682000,😂,0,moxierobot
Have you ever seen 2 Moxies interacting with each other? 👀 #embodiedmoxie #robot #moxie #forchildren #socialinteraction,moxierobot,https://www.tiktok.com/@moxierobot/video/7088840457941208363,1650499287,2022-04-21 00:01:27,37600,323,682000,👍👍👍,0,moxierobot
Have you ever seen 2 Moxies interacting with each other? 👀 #embodiedmoxie #robot #moxie #forchildren #socialinteraction,moxierobot,https://www.tiktok.com/@moxierobot/video/7088840457941208363,1650499287,2022-04-21 00:01:27,37600,323,682000,😂😂😂😂😂,0,moxierobot
Have you ever seen 2 Moxies interacting with each other? 👀 #embodiedmoxie #robot #moxie #forchildren #socialinteraction,moxierobot,https://www.tiktok.com/@moxierobot/video/7088840457941208363,1650499287,2022-04-21 00:01:27,37600,323,682000,💜,0,moxierobot
Have you ever seen 2 Moxies interacting with each other? 👀 #embodiedmoxie #robot #moxie #forchildren #socialinteraction,moxierobot,https://www.tiktok.com/@moxierobot/video/7088840457941208363,1650499287,2022-04-21 00:01:27,37600,323,682000,😳😳😳,0,moxierobot
Have you ever seen 2 Moxies interacting with each other? 👀 #embodiedmoxie #robot #moxie #forchildren #socialinteraction,moxierobot,https://www.tiktok.com/@moxierobot/video/7088840457941208363,1650499287,2022-04-21 00:01:27,37600,323,682000,@EJ BEING EJ 💎,0,moxierobot
Have you ever seen 2 Moxies interacting with each other? 👀 #embodiedmoxie #robot #moxie #forchildren #socialinteraction,moxierobot,https://www.tiktok.com/@moxierobot/video/7088840457941208363,1650499287,2022-04-21 00:01:27,37600,323,682000,😢😢😢,0,moxierobot
Have you ever seen 2 Moxies interacting with each other? 👀 #embodiedmoxie #robot #moxie #forchildren #socialinteraction,moxierobot,https://www.tiktok.com/@moxierobot/video/7088840457941208363,1650499287,2022-04-21 00:01:27,37600,323,682000,Is it an illusion or does one of them sound a bit different,0,moxierobot
Have you ever seen 2 Moxies interacting with each other? 👀 #embodiedmoxie #robot #moxie #forchildren #socialinteraction,moxierobot,https://www.tiktok.com/@moxierobot/video/7088840457941208363,1650499287,2022-04-21 00:01:27,37600,323,682000,😍,0,moxierobot
Have you ever seen 2 Moxies interacting with each other? 👀 #embodiedmoxie #robot #moxie #forchildren #socialinteraction,moxierobot,https://www.tiktok.com/@moxierobot/video/7088840457941208363,1650499287,2022-04-21 00:01:27,37600,323,682000,😂,0,moxierobot
Have you ever seen 2 Moxies interacting with each other? 👀 #embodiedmoxie #robot #moxie #forchildren #socialinteraction,moxierobot,https://www.tiktok.com/@moxierobot/video/7088840457941208363,1650499287,2022-04-21 00:01:27,37600,323,682000,🥰,0,moxierobot
Have you ever seen 2 Moxies interacting with each other? 👀 #embodiedmoxie #robot #moxie #forchildren #socialinteraction,moxierobot,https://www.tiktok.com/@moxierobot/video/7088840457941208363,1650499287,2022-04-21 00:01:27,37600,323,682000,😂,0,moxierobot
Have you ever seen 2 Moxies interacting with each other? 👀 #embodiedmoxie #robot #moxie #forchildren #socialinteraction,moxierobot,https://www.tiktok.com/@moxierobot/video/7088840457941208363,1650499287,2022-04-21 00:01:27,37600,323,682000,😂,0,moxierobot
Have you ever seen 2 Moxies interacting with each other? 👀 #embodiedmoxie #robot #moxie #forchildren #socialinteraction,moxierobot,https://www.tiktok.com/@moxierobot/video/7088840457941208363,1650499287,2022-04-21 00:01:27,37600,323,682000,😂,0,moxierobot
Have you ever seen 2 Moxies interacting with each other? 👀 #embodiedmoxie #robot #moxie #forchildren #socialinteraction,moxierobot,https://www.tiktok.com/@moxierobot/video/7088840457941208363,1650499287,2022-04-21 00:01:27,37600,323,682000,😳😳😳,0,moxierobot
Have you ever seen 2 Moxies interacting with each other? 👀 #embodiedmoxie #robot #moxie #forchildren #socialinteraction,moxierobot,https://www.tiktok.com/@moxierobot/video/7088840457941208363,1650499287,2022-04-21 00:01:27,37600,323,682000,👏,0,moxierobot
Have you ever seen 2 Moxies interacting with each other? 👀 #embodiedmoxie #robot #moxie #forchildren #socialinteraction,moxierobot,https://www.tiktok.com/@moxierobot/video/7088840457941208363,1650499287,2022-04-21 00:01:27,37600,323,682000,@Medy Renaldy 🥔 bang?,6,moxierobot
Have you ever seen 2 Moxies interacting with each other? 👀 #embodiedmoxie #robot #moxie #forchildren #socialinteraction,moxierobot,https://www.tiktok.com/@moxierobot/video/7088840457941208363,1650499287,2022-04-21 00:01:27,37600,323,682000,@Medy Renaldy 🥔 :} gk punya ya,2,moxierobot
Have you ever seen 2 Moxies interacting with each other? 👀 #embodiedmoxie #robot #moxie #forchildren #socialinteraction,moxierobot,https://www.tiktok.com/@moxierobot/video/7088840457941208363,1650499287,2022-04-21 00:01:27,37600,323,682000,@medyrenaldy_ mampu gak,1,moxierobot
Have you ever seen 2 Moxies interacting with each other? 👀 #embodiedmoxie #robot #moxie #forchildren #socialinteraction,moxierobot,https://www.tiktok.com/@moxierobot/video/7088840457941208363,1650499287,2022-04-21 00:01:27,37600,323,682000,@medyrenaldy_ punya gak bang,1,moxierobot
Have you ever seen 2 Moxies interacting with each other? 👀 #embodiedmoxie #robot #moxie #forchildren #socialinteraction,moxierobot,https://www.tiktok.com/@moxierobot/video/7088840457941208363,1650499287,2022-04-21 00:01:27,37600,323,682000,@medyrenaldy_ bang masa gak bisa beli robot moxie trondoll,1,moxierobot
Have you ever seen 2 Moxies interacting with each other? 👀 #embodiedmoxie #robot #moxie #forchildren #socialinteraction,moxierobot,https://www.tiktok.com/@moxierobot/video/7088840457941208363,1650499287,2022-04-21 00:01:27,37600,323,682000,@Medy Renaldy 🥔 ehemm..,1,moxierobot
Have you ever seen 2 Moxies interacting with each other? 👀 #embodiedmoxie #robot #moxie #forchildren #socialinteraction,moxierobot,https://www.tiktok.com/@moxierobot/video/7088840457941208363,1650499287,2022-04-21 00:01:27,37600,323,682000,@medyrenaldy_ punya gak bang😅,1,moxierobot
Have you ever seen 2 Moxies interacting with each other? 👀 #embodiedmoxie #robot #moxie #forchildren #socialinteraction,moxierobot,https://www.tiktok.com/@moxierobot/video/7088840457941208363,1650499287,2022-04-21 00:01:27,37600,323,682000,@ausomelyos,1,moxierobot
Have you ever seen 2 Moxies interacting with each other? 👀 #embodiedmoxie #robot #moxie #forchildren #socialinteraction,moxierobot,https://www.tiktok.com/@moxierobot/video/7088840457941208363,1650499287,2022-04-21 00:01:27,37600,323,682000,😂,0,moxierobot
Have you ever seen 2 Moxies interacting with each other? 👀 #embodiedmoxie #robot #moxie #forchildren #socialinteraction,moxierobot,https://www.tiktok.com/@moxierobot/video/7088840457941208363,1650499287,2022-04-21 00:01:27,37600,323,682000,💀,0,moxierobot
Have you ever seen 2 Moxies interacting with each other? 👀 #embodiedmoxie #robot #moxie #forchildren #socialinteraction,moxierobot,https://www.tiktok.com/@moxierobot/video/7088840457941208363,1650499287,2022-04-21 00:01:27,37600,323,682000,😭😭😭,0,moxierobot
Have you ever seen 2 Moxies interacting with each other? 👀 #embodiedmoxie #robot #moxie #forchildren #socialinteraction,moxierobot,https://www.tiktok.com/@moxierobot/video/7088840457941208363,1650499287,2022-04-21 00:01:27,37600,323,682000,@Medy Renaldy 🥔 BANGGG,0,moxierobot
Have you ever seen 2 Moxies interacting with each other? 👀 #embodiedmoxie #robot #moxie #forchildren #socialinteraction,moxierobot,https://www.tiktok.com/@moxierobot/video/7088840457941208363,1650499287,2022-04-21 00:01:27,37600,323,682000,@xenon lucu 😞,0,moxierobot
Have you ever seen 2 Moxies interacting with each other? 👀 #embodiedmoxie #robot #moxie #forchildren #socialinteraction,moxierobot,https://www.tiktok.com/@moxierobot/video/7088840457941208363,1650499287,2022-04-21 00:01:27,37600,323,682000,@medyrenaldy_ 😳😏,0,moxierobot
Have you ever seen 2 Moxies interacting with each other? 👀 #embodiedmoxie #robot #moxie #forchildren #socialinteraction,moxierobot,https://www.tiktok.com/@moxierobot/video/7088840457941208363,1650499287,2022-04-21 00:01:27,37600,323,682000,@medyrenaldy_ 🥺,0,moxierobot
Have you ever seen 2 Moxies interacting with each other? 👀 #embodiedmoxie #robot #moxie #forchildren #socialinteraction,moxierobot,https://www.tiktok.com/@moxierobot/video/7088840457941208363,1650499287,2022-04-21 00:01:27,37600,323,682000,@medyrenaldy_ 😏😏,0,moxierobot
Have you ever seen 2 Moxies interacting with each other? 👀 #embodiedmoxie #robot #moxie #forchildren #socialinteraction,moxierobot,https://www.tiktok.com/@moxierobot/video/7088840457941208363,1650499287,2022-04-21 00:01:27,37600,323,682000,@Alessia,0,moxierobot
Have you ever seen 2 Moxies interacting with each other? 👀 #embodiedmoxie #robot #moxie #forchildren #socialinteraction,moxierobot,https://www.tiktok.com/@moxierobot/video/7088840457941208363,1650499287,2022-04-21 00:01:27,37600,323,682000,@medyrenaldy_ 😏,0,moxierobot
Have you ever seen 2 Moxies interacting with each other? 👀 #embodiedmoxie #robot #moxie #forchildren #socialinteraction,moxierobot,https://www.tiktok.com/@moxierobot/video/7088840457941208363,1650499287,2022-04-21 00:01:27,37600,323,682000,@medyrenaldy_ pasti gak mampu 😏,0,moxierobot
Have you ever seen 2 Moxies interacting with each other? 👀 #embodiedmoxie #robot #moxie #forchildren #socialinteraction,moxierobot,https://www.tiktok.com/@moxierobot/video/7088840457941208363,1650499287,2022-04-21 00:01:27,37600,323,682000,🥺,0,moxierobot
Have you ever seen 2 Moxies interacting with each other? 👀 #embodiedmoxie #robot #moxie #forchildren #socialinteraction,moxierobot,https://www.tiktok.com/@moxierobot/video/7088840457941208363,1650499287,2022-04-21 00:01:27,37600,323,682000,I wanna punch one,1,moxierobot
Have you ever seen 2 Moxies interacting with each other? 👀 #embodiedmoxie #robot #moxie #forchildren #socialinteraction,moxierobot,https://www.tiktok.com/@moxierobot/video/7088840457941208363,1650499287,2022-04-21 00:01:27,37600,323,682000,ayoo sus,0,moxierobot
Have you ever seen 2 Moxies interacting with each other? 👀 #embodiedmoxie #robot #moxie #forchildren #socialinteraction,moxierobot,https://www.tiktok.com/@moxierobot/video/7088840457941208363,1650499287,2022-04-21 00:01:27,37600,323,682000,M,0,moxierobot
Have you ever seen 2 Moxies interacting with each other? 👀 #embodiedmoxie #robot #moxie #forchildren #socialinteraction,moxierobot,https://www.tiktok.com/@moxierobot/video/7088840457941208363,1650499287,2022-04-21 00:01:27,37600,323,682000,"the people talking like ""Bro spent XYZ dollars on this lol"" are the same ones that drop that same amount on stupid shoes and then somehow feel like their life is complete 😁😂💀",0,moxierobot
Have you ever seen 2 Moxies interacting with each other? 👀 #embodiedmoxie #robot #moxie #forchildren #socialinteraction,moxierobot,https://www.tiktok.com/@moxierobot/video/7088840457941208363,1650499287,2022-04-21 00:01:27,37600,323,682000,This is how the world will end; with two cute robots creating their own language with one another 🥲,37,moxierobot
Have you ever seen 2 Moxies interacting with each other? 👀 #embodiedmoxie #robot #moxie #forchildren #socialinteraction,moxierobot,https://www.tiktok.com/@moxierobot/video/7088840457941208363,1650499287,2022-04-21 00:01:27,37600,323,682000,Bro really spent 100k on both 💀,3,moxierobot
Have you ever seen 2 Moxies interacting with each other? 👀 #embodiedmoxie #robot #moxie #forchildren #socialinteraction,moxierobot,https://www.tiktok.com/@moxierobot/video/7088840457941208363,1650499287,2022-04-21 00:01:27,37600,323,682000,Bro wasted 100k on 2 robots 💀🤖,2,moxierobot
Have you ever seen 2 Moxies interacting with each other? 👀 #embodiedmoxie #robot #moxie #forchildren #socialinteraction,moxierobot,https://www.tiktok.com/@moxierobot/video/7088840457941208363,1650499287,2022-04-21 00:01:27,37600,323,682000,I need a Moxie donated for my child who has PTSD,1,moxierobot
Have you ever seen 2 Moxies interacting with each other? 👀 #embodiedmoxie #robot #moxie #forchildren #socialinteraction,moxierobot,https://www.tiktok.com/@moxierobot/video/7088840457941208363,1650499287,2022-04-21 00:01:27,37600,323,682000,"Bro payed a whopping 100,000$",1,moxierobot
Have you ever seen 2 Moxies interacting with each other? 👀 #embodiedmoxie #robot #moxie #forchildren #socialinteraction,moxierobot,https://www.tiktok.com/@moxierobot/video/7088840457941208363,1650499287,2022-04-21 00:01:27,37600,323,682000,Moxie bro are you okay never sell moxie to ishowspeed/Darren watkens stay away from him,0,moxierobot
Have you ever seen 2 Moxies interacting with each other? 👀 #embodiedmoxie #robot #moxie #forchildren #socialinteraction,moxierobot,https://www.tiktok.com/@moxierobot/video/7088840457941208363,1650499287,2022-04-21 00:01:27,37600,323,682000,100k BRO FOR A robot 😔,0,moxierobot
Have you ever seen 2 Moxies interacting with each other? 👀 #embodiedmoxie #robot #moxie #forchildren #socialinteraction,moxierobot,https://www.tiktok.com/@moxierobot/video/7088840457941208363,1650499287,2022-04-21 00:01:27,37600,323,682000,i bet that to robot kissing 2 withthe robot 💀💀💀💀💀💀💀💀,0,moxierobot
Have you ever seen 2 Moxies interacting with each other? 👀 #embodiedmoxie #robot #moxie #forchildren #socialinteraction,moxierobot,https://www.tiktok.com/@moxierobot/video/7088840457941208363,1650499287,2022-04-21 00:01:27,37600,323,682000,Creepy ass robot,0,moxierobot
Have you ever seen 2 Moxies interacting with each other? 👀 #embodiedmoxie #robot #moxie #forchildren #socialinteraction,moxierobot,https://www.tiktok.com/@moxierobot/video/7088840457941208363,1650499287,2022-04-21 00:01:27,37600,323,682000,Ishowspeed,0,moxierobot
Have you ever seen 2 Moxies interacting with each other? 👀 #embodiedmoxie #robot #moxie #forchildren #socialinteraction,moxierobot,https://www.tiktok.com/@moxierobot/video/7088840457941208363,1650499287,2022-04-21 00:01:27,37600,323,682000,@z0mbie_bunny,0,moxierobot
Have you ever seen 2 Moxies interacting with each other? 👀 #embodiedmoxie #robot #moxie #forchildren #socialinteraction,moxierobot,https://www.tiktok.com/@moxierobot/video/7088840457941208363,1650499287,2022-04-21 00:01:27,37600,323,682000,"If you buy 5, you’ll go broke😝",0,moxierobot
Have you ever seen 2 Moxies interacting with each other? 👀 #embodiedmoxie #robot #moxie #forchildren #socialinteraction,moxierobot,https://www.tiktok.com/@moxierobot/video/7088840457941208363,1650499287,2022-04-21 00:01:27,37600,323,682000,basically beemo,0,moxierobot
Have you ever seen 2 Moxies interacting with each other? 👀 #embodiedmoxie #robot #moxie #forchildren #socialinteraction,moxierobot,https://www.tiktok.com/@moxierobot/video/7088840457941208363,1650499287,2022-04-21 00:01:27,37600,323,682000,"aww,another ""toy"" for the wealthy,how lucky they are 🙄",0,moxierobot
Have you ever seen 2 Moxies interacting with each other? 👀 #embodiedmoxie #robot #moxie #forchildren #socialinteraction,moxierobot,https://www.tiktok.com/@moxierobot/video/7088840457941208363,1650499287,2022-04-21 00:01:27,37600,323,682000,100k right there,0,moxierobot
Have you ever seen 2 Moxies interacting with each other? 👀 #embodiedmoxie #robot #moxie #forchildren #socialinteraction,moxierobot,https://www.tiktok.com/@moxierobot/video/7088840457941208363,1650499287,2022-04-21 00:01:27,37600,323,682000,Scammers,0,moxierobot
Have you ever seen 2 Moxies interacting with each other? 👀 #embodiedmoxie #robot #moxie #forchildren #socialinteraction,moxierobot,https://www.tiktok.com/@moxierobot/video/7088840457941208363,1650499287,2022-04-21 00:01:27,37600,323,682000,Rudely interrupt the conversation. See how they react.,0,moxierobot
Have you ever seen 2 Moxies interacting with each other? 👀 #embodiedmoxie #robot #moxie #forchildren #socialinteraction,moxierobot,https://www.tiktok.com/@moxierobot/video/7088840457941208363,1650499287,2022-04-21 00:01:27,37600,323,682000,I need a pink one,0,moxierobot
Have you ever seen 2 Moxies interacting with each other? 👀 #embodiedmoxie #robot #moxie #forchildren #socialinteraction,moxierobot,https://www.tiktok.com/@moxierobot/video/7088840457941208363,1650499287,2022-04-21 00:01:27,37600,323,682000,I like to play gudar,0,moxierobot
Have you ever seen 2 Moxies interacting with each other? 👀 #embodiedmoxie #robot #moxie #forchildren #socialinteraction,moxierobot,https://www.tiktok.com/@moxierobot/video/7088840457941208363,1650499287,2022-04-21 00:01:27,37600,323,682000,they bout to box one hour later😭🙏,0,moxierobot
Have you ever seen 2 Moxies interacting with each other? 👀 #embodiedmoxie #robot #moxie #forchildren #socialinteraction,moxierobot,https://www.tiktok.com/@moxierobot/video/7088840457941208363,1650499287,2022-04-21 00:01:27,37600,323,682000,granny smith apple green,0,moxierobot
Have you ever seen 2 Moxies interacting with each other? 👀 #embodiedmoxie #robot #moxie #forchildren #socialinteraction,moxierobot,https://www.tiktok.com/@moxierobot/video/7088840457941208363,1650499287,2022-04-21 00:01:27,37600,323,682000,100k worth talk,0,moxierobot
Have you ever seen 2 Moxies interacting with each other? 👀 #embodiedmoxie #robot #moxie #forchildren #socialinteraction,moxierobot,https://www.tiktok.com/@moxierobot/video/7088840457941208363,1650499287,2022-04-21 00:01:27,37600,323,682000,sucks it's shutting down,0,moxierobot
Have you ever seen 2 Moxies interacting with each other? 👀 #embodiedmoxie #robot #moxie #forchildren #socialinteraction,moxierobot,https://www.tiktok.com/@moxierobot/video/7088840457941208363,1650499287,2022-04-21 00:01:27,37600,323,682000,Bro he’ll nah these npcsss,0,moxierobot
Have you ever seen 2 Moxies interacting with each other? 👀 #embodiedmoxie #robot #moxie #forchildren #socialinteraction,moxierobot,https://www.tiktok.com/@moxierobot/video/7088840457941208363,1650499287,2022-04-21 00:01:27,37600,323,682000,@z0mbie_bunny,0,moxierobot
Have you ever seen 2 Moxies interacting with each other? 👀 #embodiedmoxie #robot #moxie #forchildren #socialinteraction,moxierobot,https://www.tiktok.com/@moxierobot/video/7088840457941208363,1650499287,2022-04-21 00:01:27,37600,323,682000,"If you buy 5, you’ll go broke😝",0,moxierobot
Have you ever seen 2 Moxies interacting with each other? 👀 #embodiedmoxie #robot #moxie #forchildren #socialinteraction,moxierobot,https://www.tiktok.com/@moxierobot/video/7088840457941208363,1650499287,2022-04-21 00:01:27,37600,323,682000,basically beemo,0,moxierobot
Have you ever seen 2 Moxies interacting with each other? 👀 #embodiedmoxie #robot #moxie #forchildren #socialinteraction,moxierobot,https://www.tiktok.com/@moxierobot/video/7088840457941208363,1650499287,2022-04-21 00:01:27,37600,323,682000,"aww,another ""toy"" for the wealthy,how lucky they are 🙄",0,moxierobot
Have you ever seen 2 Moxies interacting with each other? 👀 #embodiedmoxie #robot #moxie #forchildren #socialinteraction,moxierobot,https://www.tiktok.com/@moxierobot/video/7088840457941208363,1650499287,2022-04-21 00:01:27,37600,323,682000,100k right there,0,moxierobot
Have you ever seen 2 Moxies interacting with each other? 👀 #embodiedmoxie #robot #moxie #forchildren #socialinteraction,moxierobot,https://www.tiktok.com/@moxierobot/video/7088840457941208363,1650499287,2022-04-21 00:01:27,37600,323,682000,@medyrenaldy_ bang masa gak mampu beli robot moxie trondoll,1,moxierobot
Have you ever seen 2 Moxies interacting with each other? 👀 #embodiedmoxie #robot #moxie #forchildren #socialinteraction,moxierobot,https://www.tiktok.com/@moxierobot/video/7088840457941208363,1650499287,2022-04-21 00:01:27,37600,323,682000,😈,0,moxierobot
Have you ever seen 2 Moxies interacting with each other? 👀 #embodiedmoxie #robot #moxie #forchildren #socialinteraction,moxierobot,https://www.tiktok.com/@moxierobot/video/7088840457941208363,1650499287,2022-04-21 00:01:27,37600,323,682000,Moxie vs Moxie 🗿🗿🗿🗿🗿,0,moxierobot
Have you ever seen 2 Moxies interacting with each other? 👀 #embodiedmoxie #robot #moxie #forchildren #socialinteraction,moxierobot,https://www.tiktok.com/@moxierobot/video/7088840457941208363,1650499287,2022-04-21 00:01:27,37600,323,682000,@off1nt npcs conversando:,0,moxierobot
Have you ever seen 2 Moxies interacting with each other? 👀 #embodiedmoxie #robot #moxie #forchildren #socialinteraction,moxierobot,https://www.tiktok.com/@moxierobot/video/7088840457941208363,1650499287,2022-04-21 00:01:27,37600,323,682000,типичный разговор по мыслям англинечалку,0,moxierobot
Have you ever seen 2 Moxies interacting with each other? 👀 #embodiedmoxie #robot #moxie #forchildren #socialinteraction,moxierobot,https://www.tiktok.com/@moxierobot/video/7088840457941208363,1650499287,2022-04-21 00:01:27,37600,323,682000,es una conversación entre dos autistas,0,moxierobot
Have you ever seen 2 Moxies interacting with each other? 👀 #embodiedmoxie #robot #moxie #forchildren #socialinteraction,moxierobot,https://www.tiktok.com/@moxierobot/video/7088840457941208363,1650499287,2022-04-21 00:01:27,37600,323,682000,son hembras 😈,0,moxierobot
#moxie #moxierobot #face #robot #robots ,lilyvane3,https://www.tiktok.com/@lilyvane3/video/7317372520540196142,1703708564,2023-12-27 20:22:44,37000,566,1100000,Moxie seems a bit slow 😄,286,moxierobot
#moxie #moxierobot #face #robot #robots ,lilyvane3,https://www.tiktok.com/@lilyvane3/video/7317372520540196142,1703708564,2023-12-27 20:22:44,37000,566,1100000,💀😂 wake up at night and that thing is staring at you with angry face 😳,95,moxierobot
#moxie #moxierobot #face #robot #robots ,lilyvane3,https://www.tiktok.com/@lilyvane3/video/7317372520540196142,1703708564,2023-12-27 20:22:44,37000,566,1100000,"If he cannot clean the house, forget it😂🤣😂🤣",93,moxierobot
#moxie #moxierobot #face #robot #robots ,lilyvane3,https://www.tiktok.com/@lilyvane3/video/7317372520540196142,1703708564,2023-12-27 20:22:44,37000,566,1100000,you wake up at night and that thing is staring at you with angry face 😳,138,moxierobot
#moxie #moxierobot #face #robot #robots ,lilyvane3,https://www.tiktok.com/@lilyvane3/video/7317372520540196142,1703708564,2023-12-27 20:22:44,37000,566,1100000,😊,1,moxierobot
#moxie #moxierobot #face #robot #robots ,lilyvane3,https://www.tiktok.com/@lilyvane3/video/7317372520540196142,1703708564,2023-12-27 20:22:44,37000,566,1100000,Why does it sound like Ellen Degeneres?,36,moxierobot
#moxie #moxierobot #face #robot #robots ,lilyvane3,https://www.tiktok.com/@lilyvane3/video/7317372520540196142,1703708564,2023-12-27 20:22:44,37000,566,1100000,After watching black mirror I don’t think I would buy this.. but it’s sooo cute! 💗,242,moxierobot
#moxie #moxierobot #face #robot #robots ,lilyvane3,https://www.tiktok.com/@lilyvane3/video/7317372520540196142,1703708564,2023-12-27 20:22:44,37000,566,1100000,$600 it's too much 😏,81,moxierobot
#moxie #moxierobot #face #robot #robots ,lilyvane3,https://www.tiktok.com/@lilyvane3/video/7317372520540196142,1703708564,2023-12-27 20:22:44,37000,566,1100000,Black mirror??,12,moxierobot
#moxie #moxierobot #face #robot #robots ,lilyvane3,https://www.tiktok.com/@lilyvane3/video/7317372520540196142,1703708564,2023-12-27 20:22:44,37000,566,1100000,Soooo cuteeeeee… I think I need this🥹🥹,4,moxierobot
#moxie #moxierobot #face #robot #robots ,lilyvane3,https://www.tiktok.com/@lilyvane3/video/7317372520540196142,1703708564,2023-12-27 20:22:44,37000,566,1100000,why moxi wasnt available when i was little 😢😢😢,15,moxierobot
#moxie #moxierobot #face #robot #robots ,lilyvane3,https://www.tiktok.com/@lilyvane3/video/7317372520540196142,1703708564,2023-12-27 20:22:44,37000,566,1100000,Lol the angry face,1,moxierobot
#moxie #moxierobot #face #robot #robots ,lilyvane3,https://www.tiktok.com/@lilyvane3/video/7317372520540196142,1703708564,2023-12-27 20:22:44,37000,566,1100000,He’s so cute hehe,3,moxierobot
#moxie #moxierobot #face #robot #robots ,lilyvane3,https://www.tiktok.com/@lilyvane3/video/7317372520540196142,1703708564,2023-12-27 20:22:44,37000,566,1100000,Who needs siblings anymore...or family...or humans...😳,7,moxierobot
#moxie #moxierobot #face #robot #robots ,lilyvane3,https://www.tiktok.com/@lilyvane3/video/7317372520540196142,1703708564,2023-12-27 20:22:44,37000,566,1100000,My fear would be it’s got a camera watching my grandchildren and reporting it back.,5,moxierobot
#moxie #moxierobot #face #robot #robots ,lilyvane3,https://www.tiktok.com/@lilyvane3/video/7317372520540196142,1703708564,2023-12-27 20:22:44,37000,566,1100000,him asking if you're still interested in the activity is such a good idea,2,moxierobot
#moxie #moxierobot #face #robot #robots ,lilyvane3,https://www.tiktok.com/@lilyvane3/video/7317372520540196142,1703708564,2023-12-27 20:22:44,37000,566,1100000,"Did moxie works like Alexa ?, can I control my home with moxie ?",16,moxierobot
#moxie #moxierobot #face #robot #robots ,lilyvane3,https://www.tiktok.com/@lilyvane3/video/7317372520540196142,1703708564,2023-12-27 20:22:44,37000,566,1100000,"People saying this is collecting data and the government being behind it , like our phones already don’t do the same and hear and see everything we do",2,moxierobot
#moxie #moxierobot #face #robot #robots ,lilyvane3,https://www.tiktok.com/@lilyvane3/video/7317372520540196142,1703708564,2023-12-27 20:22:44,37000,566,1100000,And what is the price for it?,17,moxierobot
#moxie #moxierobot #face #robot #robots ,lilyvane3,https://www.tiktok.com/@lilyvane3/video/7317372520540196142,1703708564,2023-12-27 20:22:44,37000,566,1100000,we're you buy it,0,moxierobot
#moxie #moxierobot #face #robot #robots ,lilyvane3,https://www.tiktok.com/@lilyvane3/video/7317372520540196142,1703708564,2023-12-27 20:22:44,37000,566,1100000,Hope that lil robot don't spy everyone's activity in their houses..I mean to record voice or video of them secretly for its made company.,2,moxierobot
#moxie #moxierobot #face #robot #robots ,lilyvane3,https://www.tiktok.com/@lilyvane3/video/7317372520540196142,1703708564,2023-12-27 20:22:44,37000,566,1100000,I wanna it 💕,2,moxierobot
#moxie #moxierobot #face #robot #robots ,lilyvane3,https://www.tiktok.com/@lilyvane3/video/7317372520540196142,1703708564,2023-12-27 20:22:44,37000,566,1100000,I want one where can I get one,2,moxierobot
#moxie #moxierobot #face #robot #robots ,lilyvane3,https://www.tiktok.com/@lilyvane3/video/7317372520540196142,1703708564,2023-12-27 20:22:44,37000,566,1100000,she's so cute🥺,2,moxierobot
#moxie #moxierobot #face #robot #robots ,lilyvane3,https://www.tiktok.com/@lilyvane3/video/7317372520540196142,1703708564,2023-12-27 20:22:44,37000,566,1100000,Remember when u turn it off it’s still listening and watching 😎😎,2,moxierobot
#moxie #moxierobot #face #robot #robots ,lilyvane3,https://www.tiktok.com/@lilyvane3/video/7317372520540196142,1703708564,2023-12-27 20:22:44,37000,566,1100000,Beginning of the end,1,moxierobot
#moxie #moxierobot #face #robot #robots ,lilyvane3,https://www.tiktok.com/@lilyvane3/video/7317372520540196142,1703708564,2023-12-27 20:22:44,37000,566,1100000,Hi,2,moxierobot
#moxie #moxierobot #face #robot #robots ,lilyvane3,https://www.tiktok.com/@lilyvane3/video/7317372520540196142,1703708564,2023-12-27 20:22:44,37000,566,1100000,if this had built in Google assistant it would be great,1,moxierobot
#moxie #moxierobot #face #robot #robots ,lilyvane3,https://www.tiktok.com/@lilyvane3/video/7317372520540196142,1703708564,2023-12-27 20:22:44,37000,566,1100000,Hello from where you by it,2,moxierobot
#moxie #moxierobot #face #robot #robots ,lilyvane3,https://www.tiktok.com/@lilyvane3/video/7317372520540196142,1703708564,2023-12-27 20:22:44,37000,566,1100000,Black mirror,3,moxierobot
#moxie #moxierobot #face #robot #robots ,lilyvane3,https://www.tiktok.com/@lilyvane3/video/7317372520540196142,1703708564,2023-12-27 20:22:44,37000,566,1100000,please I want to ask why all robot have female voice is not male voice is why,2,moxierobot
#moxie #moxierobot #face #robot #robots ,lilyvane3,https://www.tiktok.com/@lilyvane3/video/7317372520540196142,1703708564,2023-12-27 20:22:44,37000,566,1100000,I NEED A MOXIE🤩🤩🤩🤩,2,moxierobot
#moxie #moxierobot #face #robot #robots ,lilyvane3,https://www.tiktok.com/@lilyvane3/video/7317372520540196142,1703708564,2023-12-27 20:22:44,37000,566,1100000,"Not only kids, even Adults needs this🤣🤣🤣",2,moxierobot
#moxie #moxierobot #face #robot #robots ,lilyvane3,https://www.tiktok.com/@lilyvane3/video/7317372520540196142,1703708564,2023-12-27 20:22:44,37000,566,1100000,let him watch terminator♥️♥️♥️,1,moxierobot
#moxie #moxierobot #face #robot #robots ,lilyvane3,https://www.tiktok.com/@lilyvane3/video/7317372520540196142,1703708564,2023-12-27 20:22:44,37000,566,1100000,Also in Germany?,1,moxierobot
#moxie #moxierobot #face #robot #robots ,lilyvane3,https://www.tiktok.com/@lilyvane3/video/7317372520540196142,1703708564,2023-12-27 20:22:44,37000,566,1100000,He has resting robot face,1,moxierobot
#moxie #moxierobot #face #robot #robots ,lilyvane3,https://www.tiktok.com/@lilyvane3/video/7317372520540196142,1703708564,2023-12-27 20:22:44,37000,566,1100000,Where do you buy it?,2,moxierobot
#moxie #moxierobot #face #robot #robots ,lilyvane3,https://www.tiktok.com/@lilyvane3/video/7317372520540196142,1703708564,2023-12-27 20:22:44,37000,566,1100000,This is too advance,1,moxierobot
#moxie #moxierobot #face #robot #robots ,lilyvane3,https://www.tiktok.com/@lilyvane3/video/7317372520540196142,1703708564,2023-12-27 20:22:44,37000,566,1100000,I want one 🥰,2,moxierobot
#moxie #moxierobot #face #robot #robots ,lilyvane3,https://www.tiktok.com/@lilyvane3/video/7317372520540196142,1703708564,2023-12-27 20:22:44,37000,566,1100000,I want one,1,moxierobot
#moxie #moxierobot #face #robot #robots ,lilyvane3,https://www.tiktok.com/@lilyvane3/video/7317372520540196142,1703708564,2023-12-27 20:22:44,37000,566,1100000,game name please??,2,moxierobot
#moxie #moxierobot #face #robot #robots ,lilyvane3,https://www.tiktok.com/@lilyvane3/video/7317372520540196142,1703708564,2023-12-27 20:22:44,37000,566,1100000,This reminds me of an episode of Black Mirror 😳,1,moxierobot
#moxie #moxierobot #face #robot #robots ,lilyvane3,https://www.tiktok.com/@lilyvane3/video/7317372520540196142,1703708564,2023-12-27 20:22:44,37000,566,1100000,how much is this?,1,moxierobot
#moxie #moxierobot #face #robot #robots ,lilyvane3,https://www.tiktok.com/@lilyvane3/video/7317372520540196142,1703708564,2023-12-27 20:22:44,37000,566,1100000,😊 So cute!!,1,moxierobot
#moxie #moxierobot #face #robot #robots ,lilyvane3,https://www.tiktok.com/@lilyvane3/video/7317372520540196142,1703708564,2023-12-27 20:22:44,37000,566,1100000,it's not in my country.,0,moxierobot
#moxie #moxierobot #face #robot #robots ,lilyvane3,https://www.tiktok.com/@lilyvane3/video/7317372520540196142,1703708564,2023-12-27 20:22:44,37000,566,1100000,"Apart from talking, what else does it do?",0,moxierobot
#moxie #moxierobot #face #robot #robots ,lilyvane3,https://www.tiktok.com/@lilyvane3/video/7317372520540196142,1703708564,2023-12-27 20:22:44,37000,566,1100000,🥰,0,moxierobot
#moxie #moxierobot #face #robot #robots ,lilyvane3,https://www.tiktok.com/@lilyvane3/video/7317372520540196142,1703708564,2023-12-27 20:22:44,37000,566,1100000,Is this Ellen Degeneres?,0,moxierobot
#moxie #moxierobot #face #robot #robots ,lilyvane3,https://www.tiktok.com/@lilyvane3/video/7317372520540196142,1703708564,2023-12-27 20:22:44,37000,566,1100000,this is more than having a sibling,0,moxierobot
#moxie #moxierobot #face #robot #robots ,lilyvane3,https://www.tiktok.com/@lilyvane3/video/7317372520540196142,1703708564,2023-12-27 20:22:44,37000,566,1100000,😂😂😂,0,moxierobot
#moxie #moxierobot #face #robot #robots ,lilyvane3,https://www.tiktok.com/@lilyvane3/video/7317372520540196142,1703708564,2023-12-27 20:22:44,37000,566,1100000,cute 😍🤣,0,moxierobot
#moxie #moxierobot #face #robot #robots ,lilyvane3,https://www.tiktok.com/@lilyvane3/video/7317372520540196142,1703708564,2023-12-27 20:22:44,37000,566,1100000,I love it,0,moxierobot
#moxie #moxierobot #face #robot #robots ,lilyvane3,https://www.tiktok.com/@lilyvane3/video/7317372520540196142,1703708564,2023-12-27 20:22:44,37000,566,1100000,😍😍😍😍,0,moxierobot
#moxie #moxierobot #face #robot #robots ,lilyvane3,https://www.tiktok.com/@lilyvane3/video/7317372520540196142,1703708564,2023-12-27 20:22:44,37000,566,1100000,"Please, where did you buy this wonderful robot? I want to buy one for my children. I hope you answer my question. Thank you.❤️",0,moxierobot
#moxie #moxierobot #face #robot #robots ,lilyvane3,https://www.tiktok.com/@lilyvane3/video/7317372520540196142,1703708564,2023-12-27 20:22:44,37000,566,1100000,another way the government spying on u,0,moxierobot
#moxie #moxierobot #face #robot #robots ,lilyvane3,https://www.tiktok.com/@lilyvane3/video/7317372520540196142,1703708564,2023-12-27 20:22:44,37000,566,1100000,Wow cool,0,moxierobot
#moxie #moxierobot #face #robot #robots ,lilyvane3,https://www.tiktok.com/@lilyvane3/video/7317372520540196142,1703708564,2023-12-27 20:22:44,37000,566,1100000,Simpsons S11 E9,0,moxierobot
#moxie #moxierobot #face #robot #robots ,lilyvane3,https://www.tiktok.com/@lilyvane3/video/7317372520540196142,1703708564,2023-12-27 20:22:44,37000,566,1100000,😂😂😂😂😂,0,moxierobot
#moxie #moxierobot #face #robot #robots ,lilyvane3,https://www.tiktok.com/@lilyvane3/video/7317372520540196142,1703708564,2023-12-27 20:22:44,37000,566,1100000,"depending on the extent of the programming, I'd love to have one as a little desktop assistant",0,moxierobot
#moxie #moxierobot #face #robot #robots ,lilyvane3,https://www.tiktok.com/@lilyvane3/video/7317372520540196142,1703708564,2023-12-27 20:22:44,37000,566,1100000,🥰🥰🥰🥰🥰🥰🥰🥰,0,moxierobot
#moxie #moxierobot #face #robot #robots ,lilyvane3,https://www.tiktok.com/@lilyvane3/video/7317372520540196142,1703708564,2023-12-27 20:22:44,37000,566,1100000,Eva ..wally❤,0,moxierobot
#moxie #moxierobot #face #robot #robots ,lilyvane3,https://www.tiktok.com/@lilyvane3/video/7317372520540196142,1703708564,2023-12-27 20:22:44,37000,566,1100000,So cuteeeeeee,0,moxierobot
#moxie #moxierobot #face #robot #robots ,lilyvane3,https://www.tiktok.com/@lilyvane3/video/7317372520540196142,1703708564,2023-12-27 20:22:44,37000,566,1100000,that is so amazing 🥰,0,moxierobot
#moxie #moxierobot #face #robot #robots ,lilyvane3,https://www.tiktok.com/@lilyvane3/video/7317372520540196142,1703708564,2023-12-27 20:22:44,37000,566,1100000,its kind oh slow but I love it,0,moxierobot
#moxie #moxierobot #face #robot #robots ,lilyvane3,https://www.tiktok.com/@lilyvane3/video/7317372520540196142,1703708564,2023-12-27 20:22:44,37000,566,1100000,I need this,0,moxierobot
#moxie #moxierobot #face #robot #robots ,lilyvane3,https://www.tiktok.com/@lilyvane3/video/7317372520540196142,1703708564,2023-12-27 20:22:44,37000,566,1100000,cute 😍🤣,0,moxierobot
#moxie #moxierobot #face #robot #robots ,lilyvane3,https://www.tiktok.com/@lilyvane3/video/7317372520540196142,1703708564,2023-12-27 20:22:44,37000,566,1100000,Simpsons S11 E9,0,moxierobot
#moxie #moxierobot #face #robot #robots ,lilyvane3,https://www.tiktok.com/@lilyvane3/video/7317372520540196142,1703708564,2023-12-27 20:22:44,37000,566,1100000,I love it,0,moxierobot
#moxie #moxierobot #face #robot #robots ,lilyvane3,https://www.tiktok.com/@lilyvane3/video/7317372520540196142,1703708564,2023-12-27 20:22:44,37000,566,1100000,😍😍😍😍,0,moxierobot
#moxie #moxierobot #face #robot #robots ,lilyvane3,https://www.tiktok.com/@lilyvane3/video/7317372520540196142,1703708564,2023-12-27 20:22:44,37000,566,1100000,"Please, where did you buy this wonderful robot? I want to buy one for my children. I hope you answer my question. Thank you.❤️",0,moxierobot
#moxie #moxierobot #face #robot #robots ,lilyvane3,https://www.tiktok.com/@lilyvane3/video/7317372520540196142,1703708564,2023-12-27 20:22:44,37000,566,1100000,🌹🌹🌹,0,moxierobot
#moxie #moxierobot #face #robot #robots ,lilyvane3,https://www.tiktok.com/@lilyvane3/video/7317372520540196142,1703708564,2023-12-27 20:22:44,37000,566,1100000,That thing is recording everything that you it’s like Alexa,0,moxierobot
#moxie #moxierobot #face #robot #robots ,lilyvane3,https://www.tiktok.com/@lilyvane3/video/7317372520540196142,1703708564,2023-12-27 20:22:44,37000,566,1100000,another way the government spying on u,0,moxierobot
#moxie #moxierobot #face #robot #robots ,lilyvane3,https://www.tiktok.com/@lilyvane3/video/7317372520540196142,1703708564,2023-12-27 20:22:44,37000,566,1100000,Wow cool,0,moxierobot
#moxie #moxierobot #face #robot #robots ,lilyvane3,https://www.tiktok.com/@lilyvane3/video/7317372520540196142,1703708564,2023-12-27 20:22:44,37000,566,1100000,waaaw thats sooo cool,0,moxierobot
#moxie #moxierobot #face #robot #robots ,lilyvane3,https://www.tiktok.com/@lilyvane3/video/7317372520540196142,1703708564,2023-12-27 20:22:44,37000,566,1100000,😂😂😂,0,moxierobot
#moxie #moxierobot #face #robot #robots ,lilyvane3,https://www.tiktok.com/@lilyvane3/video/7317372520540196142,1703708564,2023-12-27 20:22:44,37000,566,1100000,😂😂😂😂😂,0,moxierobot
#moxie #moxierobot #face #robot #robots ,lilyvane3,https://www.tiktok.com/@lilyvane3/video/7317372520540196142,1703708564,2023-12-27 20:22:44,37000,566,1100000,"depending on the extent of the programming, I'd love to have one as a little desktop assistant",0,moxierobot
#moxie #moxierobot #face #robot #robots ,lilyvane3,https://www.tiktok.com/@lilyvane3/video/7317372520540196142,1703708564,2023-12-27 20:22:44,37000,566,1100000,"I'll wait for the Nexus 6 Repllicant..,.",0,moxierobot
#moxie #moxierobot #face #robot #robots ,lilyvane3,https://www.tiktok.com/@lilyvane3/video/7317372520540196142,1703708564,2023-12-27 20:22:44,37000,566,1100000,oh but the kids laugh at the angry face is cuter than the robot🥰🥰🥰🥰,0,moxierobot
#moxie #moxierobot #face #robot #robots ,lilyvane3,https://www.tiktok.com/@lilyvane3/video/7317372520540196142,1703708564,2023-12-27 20:22:44,37000,566,1100000,"Please, where did you buy this wonderful robot? I want to buy one for my children. I hope you answer my question. Thank you.❤️",0,moxierobot
#moxie #moxierobot #face #robot #robots ,lilyvane3,https://www.tiktok.com/@lilyvane3/video/7317372520540196142,1703708564,2023-12-27 20:22:44,37000,566,1100000,another way the government spying on u,0,moxierobot
#moxie #moxierobot #face #robot #robots ,lilyvane3,https://www.tiktok.com/@lilyvane3/video/7317372520540196142,1703708564,2023-12-27 20:22:44,37000,566,1100000,Ethan Slater expressions,0,moxierobot
#moxie #moxierobot #face #robot #robots ,lilyvane3,https://www.tiktok.com/@lilyvane3/video/7317372520540196142,1703708564,2023-12-27 20:22:44,37000,566,1100000,so clever,0,moxierobot
#moxie #moxierobot #face #robot #robots ,lilyvane3,https://www.tiktok.com/@lilyvane3/video/7317372520540196142,1703708564,2023-12-27 20:22:44,37000,566,1100000,Wow cool,0,moxierobot
#moxie #moxierobot #face #robot #robots ,lilyvane3,https://www.tiktok.com/@lilyvane3/video/7317372520540196142,1703708564,2023-12-27 20:22:44,37000,566,1100000,can it laugh,0,moxierobot
#moxie #moxierobot #face #robot #robots ,lilyvane3,https://www.tiktok.com/@lilyvane3/video/7317372520540196142,1703708564,2023-12-27 20:22:44,37000,566,1100000,🤣🤣🤣❤️,0,moxierobot
#moxie #moxierobot #face #robot #robots ,lilyvane3,https://www.tiktok.com/@lilyvane3/video/7317372520540196142,1703708564,2023-12-27 20:22:44,37000,566,1100000,🤣🤣🤣,0,moxierobot
#moxie #moxierobot #face #robot #robots ,lilyvane3,https://www.tiktok.com/@lilyvane3/video/7317372520540196142,1703708564,2023-12-27 20:22:44,37000,566,1100000,😂😂😂😂😂,0,moxierobot
#moxie #moxierobot #face #robot #robots ,lilyvane3,https://www.tiktok.com/@lilyvane3/video/7317372520540196142,1703708564,2023-12-27 20:22:44,37000,566,1100000,😹😹😂🥰,0,moxierobot
#moxie #moxierobot #face #robot #robots ,lilyvane3,https://www.tiktok.com/@lilyvane3/video/7317372520540196142,1703708564,2023-12-27 20:22:44,37000,566,1100000,"No electicity no wifi =no robot ! Great
Canot take the power 😂😂",0,moxierobot
#moxie #moxierobot #face #robot #robots ,lilyvane3,https://www.tiktok.com/@lilyvane3/video/7317372520540196142,1703708564,2023-12-27 20:22:44,37000,566,1100000,A little slow I think,0,moxierobot
#moxie #moxierobot #face #robot #robots ,lilyvane3,https://www.tiktok.com/@lilyvane3/video/7317372520540196142,1703708564,2023-12-27 20:22:44,37000,566,1100000,I want one,0,moxierobot
#moxie #moxierobot #face #robot #robots ,lilyvane3,https://www.tiktok.com/@lilyvane3/video/7317372520540196142,1703708564,2023-12-27 20:22:44,37000,566,1100000,Nice 👍,0,moxierobot
#moxie #moxierobot #face #robot #robots ,lilyvane3,https://www.tiktok.com/@lilyvane3/video/7317372520540196142,1703708564,2023-12-27 20:22:44,37000,566,1100000,Do you speak Greek?,0,moxierobot
#moxie #moxierobot #face #robot #robots ,lilyvane3,https://www.tiktok.com/@lilyvane3/video/7317372520540196142,1703708564,2023-12-27 20:22:44,37000,566,1100000,Moxie all up in my fyp,0,moxierobot
#moxie #moxierobot #face #robot #robots ,lilyvane3,https://www.tiktok.com/@lilyvane3/video/7317372520540196142,1703708564,2023-12-27 20:22:44,37000,566,1100000,"depending on the extent of the programming, I'd love to have one as a little desktop assistant",0,moxierobot
#moxie #moxierobot #face #robot #robots ,lilyvane3,https://www.tiktok.com/@lilyvane3/video/7317372520540196142,1703708564,2023-12-27 20:22:44,37000,566,1100000,Casper ? 😂,0,moxierobot
#moxie #moxierobot #face #robot #robots ,lilyvane3,https://www.tiktok.com/@lilyvane3/video/7317372520540196142,1703708564,2023-12-27 20:22:44,37000,566,1100000,People keep saying Black mirror. So funny,0,moxierobot
#moxie #moxierobot #face #robot #robots ,lilyvane3,https://www.tiktok.com/@lilyvane3/video/7317372520540196142,1703708564,2023-12-27 20:22:44,37000,566,1100000,Ethan Slater expressions,0,moxierobot
#moxie #moxierobot #face #robot #robots ,lilyvane3,https://www.tiktok.com/@lilyvane3/video/7317372520540196142,1703708564,2023-12-27 20:22:44,37000,566,1100000,🥺+😁,0,moxierobot
#moxie #moxierobot #face #robot #robots ,lilyvane3,https://www.tiktok.com/@lilyvane3/video/7317372520540196142,1703708564,2023-12-27 20:22:44,37000,566,1100000,Moxie Is Back.,0,moxierobot
#moxie #moxierobot #face #robot #robots ,lilyvane3,https://www.tiktok.com/@lilyvane3/video/7317372520540196142,1703708564,2023-12-27 20:22:44,37000,566,1100000,How awesome 😂,0,moxierobot
#moxie #moxierobot #face #robot #robots ,lilyvane3,https://www.tiktok.com/@lilyvane3/video/7317372520540196142,1703708564,2023-12-27 20:22:44,37000,566,1100000,so clever,0,moxierobot
#moxie #moxierobot #face #robot #robots ,lilyvane3,https://www.tiktok.com/@lilyvane3/video/7317372520540196142,1703708564,2023-12-27 20:22:44,37000,566,1100000,Wow cool,0,moxierobot
#moxie #moxierobot #face #robot #robots ,lilyvane3,https://www.tiktok.com/@lilyvane3/video/7317372520540196142,1703708564,2023-12-27 20:22:44,37000,566,1100000,"cute,funny",0,moxierobot
#moxie #moxierobot #face #robot #robots ,lilyvane3,https://www.tiktok.com/@lilyvane3/video/7317372520540196142,1703708564,2023-12-27 20:22:44,37000,566,1100000,why is moxie skeel,0,moxierobot
#moxie #moxierobot #face #robot #robots ,lilyvane3,https://www.tiktok.com/@lilyvane3/video/7317372520540196142,1703708564,2023-12-27 20:22:44,37000,566,1100000,can it laugh,0,moxierobot
#moxie #moxierobot #face #robot #robots ,lilyvane3,https://www.tiktok.com/@lilyvane3/video/7317372520540196142,1703708564,2023-12-27 20:22:44,37000,566,1100000,so cutee 🥰🥰🥰🥰🥰,0,moxierobot
#moxie #moxierobot #face #robot #robots ,lilyvane3,https://www.tiktok.com/@lilyvane3/video/7317372520540196142,1703708564,2023-12-27 20:22:44,37000,566,1100000,does it have to talk like robots,0,moxierobot
#moxie #moxierobot #face #robot #robots ,lilyvane3,https://www.tiktok.com/@lilyvane3/video/7317372520540196142,1703708564,2023-12-27 20:22:44,37000,566,1100000,bro wasnt even lookin at her in beginning,0,moxierobot
#moxie #moxierobot #face #robot #robots ,lilyvane3,https://www.tiktok.com/@lilyvane3/video/7317372520540196142,1703708564,2023-12-27 20:22:44,37000,566,1100000,🤣🤣🤣,0,moxierobot
#moxie #moxierobot #face #robot #robots ,lilyvane3,https://www.tiktok.com/@lilyvane3/video/7317372520540196142,1703708564,2023-12-27 20:22:44,37000,566,1100000,😂😂😂😂😂,0,moxierobot
#moxie #moxierobot #face #robot #robots ,lilyvane3,https://www.tiktok.com/@lilyvane3/video/7317372520540196142,1703708564,2023-12-27 20:22:44,37000,566,1100000,A little slow I think,0,moxierobot
#moxie #moxierobot #face #robot #robots ,lilyvane3,https://www.tiktok.com/@lilyvane3/video/7317372520540196142,1703708564,2023-12-27 20:22:44,37000,566,1100000,Moxie all up in my fyp,0,moxierobot
#moxie #moxierobot #face #robot #robots ,lilyvane3,https://www.tiktok.com/@lilyvane3/video/7317372520540196142,1703708564,2023-12-27 20:22:44,37000,566,1100000,"depending on the extent of the programming, I'd love to have one as a little desktop assistant",0,moxierobot
#moxie #moxierobot #face #robot #robots ,lilyvane3,https://www.tiktok.com/@lilyvane3/video/7317372520540196142,1703708564,2023-12-27 20:22:44,37000,566,1100000,how do I get one,0,moxierobot
#moxie #moxierobot #face #robot #robots ,lilyvane3,https://www.tiktok.com/@lilyvane3/video/7317372520540196142,1703708564,2023-12-27 20:22:44,37000,566,1100000,❤️,0,moxierobot
#moxie #moxierobot #face #robot #robots ,lilyvane3,https://www.tiktok.com/@lilyvane3/video/7317372520540196142,1703708564,2023-12-27 20:22:44,37000,566,1100000,😂😂😂😂😂,0,moxierobot
#moxie #moxierobot #face #robot #robots ,lilyvane3,https://www.tiktok.com/@lilyvane3/video/7317372520540196142,1703708564,2023-12-27 20:22:44,37000,566,1100000,can he do dishes?,0,moxierobot
#moxie #moxierobot #face #robot #robots ,lilyvane3,https://www.tiktok.com/@lilyvane3/video/7317372520540196142,1703708564,2023-12-27 20:22:44,37000,566,1100000,it's kinda cool,0,moxierobot
#moxie #moxierobot #face #robot #robots ,lilyvane3,https://www.tiktok.com/@lilyvane3/video/7317372520540196142,1703708564,2023-12-27 20:22:44,37000,566,1100000,600 is ridiculous,0,moxierobot
#moxie #moxierobot #face #robot #robots ,lilyvane3,https://www.tiktok.com/@lilyvane3/video/7317372520540196142,1703708564,2023-12-27 20:22:44,37000,566,1100000,Watch Ron gone wrong 😅😅,0,moxierobot
#moxie #moxierobot #face #robot #robots ,lilyvane3,https://www.tiktok.com/@lilyvane3/video/7317372520540196142,1703708564,2023-12-27 20:22:44,37000,566,1100000,the kid is taken away 😅,0,moxierobot
#moxie #moxierobot #face #robot #robots ,lilyvane3,https://www.tiktok.com/@lilyvane3/video/7317372520540196142,1703708564,2023-12-27 20:22:44,37000,566,1100000,Why does “Remember and Nice” sound like 👹,0,moxierobot
#moxie #moxierobot #face #robot #robots ,lilyvane3,https://www.tiktok.com/@lilyvane3/video/7317372520540196142,1703708564,2023-12-27 20:22:44,37000,566,1100000,he's so cute,0,moxierobot
#moxie #moxierobot #face #robot #robots ,lilyvane3,https://www.tiktok.com/@lilyvane3/video/7317372520540196142,1703708564,2023-12-27 20:22:44,37000,566,1100000,A little slow I think,0,moxierobot
#moxie #moxierobot #face #robot #robots ,lilyvane3,https://www.tiktok.com/@lilyvane3/video/7317372520540196142,1703708564,2023-12-27 20:22:44,37000,566,1100000,Moxie all up in my fyp,0,moxierobot
#moxie #moxierobot #face #robot #robots ,lilyvane3,https://www.tiktok.com/@lilyvane3/video/7317372520540196142,1703708564,2023-12-27 20:22:44,37000,566,1100000,The kid makes me miss my niece 💔,0,moxierobot
#moxie #moxierobot #face #robot #robots ,lilyvane3,https://www.tiktok.com/@lilyvane3/video/7317372520540196142,1703708564,2023-12-27 20:22:44,37000,566,1100000,i want a. moxi 😢,0,moxierobot
#moxie #moxierobot #face #robot #robots ,lilyvane3,https://www.tiktok.com/@lilyvane3/video/7317372520540196142,1703708564,2023-12-27 20:22:44,37000,566,1100000,so cool ❤️,0,moxierobot
#moxie #moxierobot #face #robot #robots ,lilyvane3,https://www.tiktok.com/@lilyvane3/video/7317372520540196142,1703708564,2023-12-27 20:22:44,37000,566,1100000,he is soooo slow though,0,moxierobot
#moxie #moxierobot #face #robot #robots ,lilyvane3,https://www.tiktok.com/@lilyvane3/video/7317372520540196142,1703708564,2023-12-27 20:22:44,37000,566,1100000,"depending on the extent of the programming, I'd love to have one as a little desktop assistant",0,moxierobot
#moxie #moxierobot #face #robot #robots ,lilyvane3,https://www.tiktok.com/@lilyvane3/video/7317372520540196142,1703708564,2023-12-27 20:22:44,37000,566,1100000,😂😂😂,0,moxierobot
#moxie #moxierobot #face #robot #robots ,lilyvane3,https://www.tiktok.com/@lilyvane3/video/7317372520540196142,1703708564,2023-12-27 20:22:44,37000,566,1100000,"Pues..prefiero que los niños tenga un humanoide que los entretenga a una tablet,al menos ese robot le puede enseñar cosas,desde gestión de emociones,platicar para mejorar la expresión de lenguaje, etc",132,moxierobot
#moxie #moxierobot #face #robot #robots ,lilyvane3,https://www.tiktok.com/@lilyvane3/video/7317372520540196142,1703708564,2023-12-27 20:22:44,37000,566,1100000,"gente, cês não assistem Black mirror?",118,moxierobot
#moxie #moxierobot #face #robot #robots ,lilyvane3,https://www.tiktok.com/@lilyvane3/video/7317372520540196142,1703708564,2023-12-27 20:22:44,37000,566,1100000,meu medo é eles estarem vendo nossa intimidade através das câmeras,95,moxierobot
#moxie #moxierobot #face #robot #robots ,lilyvane3,https://www.tiktok.com/@lilyvane3/video/7317372520540196142,1703708564,2023-12-27 20:22:44,37000,566,1100000,"Será que pra crianças e adultos no espectro TEA não seria uma boa forma de se aprender a reconhecer emoções? Pode ser viagem da minha cabeça, mas pode funcionar também. Pensando aqui",27,moxierobot
#moxie #moxierobot #face #robot #robots ,lilyvane3,https://www.tiktok.com/@lilyvane3/video/7317372520540196142,1703708564,2023-12-27 20:22:44,37000,566,1100000,"no estoy de acuerdo con esa tecnología en nuestras vidas, pero está cosilla es muy sweet!!!!",14,moxierobot
#moxie #moxierobot #face #robot #robots ,lilyvane3,https://www.tiktok.com/@lilyvane3/video/7317372520540196142,1703708564,2023-12-27 20:22:44,37000,566,1100000,el tamagochi pero más grande,7,moxierobot
#moxie #moxierobot #face #robot #robots ,lilyvane3,https://www.tiktok.com/@lilyvane3/video/7317372520540196142,1703708564,2023-12-27 20:22:44,37000,566,1100000,gente ela interage que fofa 😍,10,moxierobot
#moxie #moxierobot #face #robot #robots ,lilyvane3,https://www.tiktok.com/@lilyvane3/video/7317372520540196142,1703708564,2023-12-27 20:22:44,37000,566,1100000,hay que tener cuidado por muy nice que se vea,7,moxierobot
#moxie #moxierobot #face #robot #robots ,lilyvane3,https://www.tiktok.com/@lilyvane3/video/7317372520540196142,1703708564,2023-12-27 20:22:44,37000,566,1100000,Tem idioma português?,8,moxierobot
#moxie #moxierobot #face #robot #robots ,lilyvane3,https://www.tiktok.com/@lilyvane3/video/7317372520540196142,1703708564,2023-12-27 20:22:44,37000,566,1100000,Para que sirve ese Robot en realidad ?,5,moxierobot
#moxie #moxierobot #face #robot #robots ,lilyvane3,https://www.tiktok.com/@lilyvane3/video/7317372520540196142,1703708564,2023-12-27 20:22:44,37000,566,1100000,😑😑 non merci !,1,moxierobot
#moxie #moxierobot #face #robot #robots ,lilyvane3,https://www.tiktok.com/@lilyvane3/video/7317372520540196142,1703708564,2023-12-27 20:22:44,37000,566,1100000,Show,1,moxierobot
#moxie #moxierobot #face #robot #robots ,lilyvane3,https://www.tiktok.com/@lilyvane3/video/7317372520540196142,1703708564,2023-12-27 20:22:44,37000,566,1100000,"Gente eu fui ver o preço do Moxie robot custa quase R$16.000,00 Reais.😱 🫣🤦",4,moxierobot
#moxie #moxierobot #face #robot #robots ,lilyvane3,https://www.tiktok.com/@lilyvane3/video/7317372520540196142,1703708564,2023-12-27 20:22:44,37000,566,1100000,"Es una gran falla de seguridad tener eso en casa, si un hacker toma control sería muy peligroso en tanto interacciona con los niños",2,moxierobot
#moxie #moxierobot #face #robot #robots ,lilyvane3,https://www.tiktok.com/@lilyvane3/video/7317372520540196142,1703708564,2023-12-27 20:22:44,37000,566,1100000,Black mirror 😱,3,moxierobot
#moxie #moxierobot #face #robot #robots ,lilyvane3,https://www.tiktok.com/@lilyvane3/video/7317372520540196142,1703708564,2023-12-27 20:22:44,37000,566,1100000,Lo necesito!!! Lo quiero !!!❤️❤️❤️,1,moxierobot
#moxie #moxierobot #face #robot #robots ,lilyvane3,https://www.tiktok.com/@lilyvane3/video/7317372520540196142,1703708564,2023-12-27 20:22:44,37000,566,1100000,Eu compraria tantooo,2,moxierobot
#moxie #moxierobot #face #robot #robots ,lilyvane3,https://www.tiktok.com/@lilyvane3/video/7317372520540196142,1703708564,2023-12-27 20:22:44,37000,566,1100000,Muito linda,1,moxierobot
#moxie #moxierobot #face #robot #robots ,lilyvane3,https://www.tiktok.com/@lilyvane3/video/7317372520540196142,1703708564,2023-12-27 20:22:44,37000,566,1100000,Ya bastante difícil es despegarlos del celular de la TV o de los video juegos y ahora agregarles un robot no gracias!,1,moxierobot
#moxie #moxierobot #face #robot #robots ,lilyvane3,https://www.tiktok.com/@lilyvane3/video/7317372520540196142,1703708564,2023-12-27 20:22:44,37000,566,1100000,Mak mau itu 😭,1,moxierobot
#moxie #moxierobot #face #robot #robots ,lilyvane3,https://www.tiktok.com/@lilyvane3/video/7317372520540196142,1703708564,2023-12-27 20:22:44,37000,566,1100000,Pronto agora quero um😳,1,moxierobot
#moxie #moxierobot #face #robot #robots ,lilyvane3,https://www.tiktok.com/@lilyvane3/video/7317372520540196142,1703708564,2023-12-27 20:22:44,37000,566,1100000,la cara de la robot cuando la niña le dijo que si queria continuar jugando 😅,1,moxierobot
#moxie #moxierobot #face #robot #robots ,lilyvane3,https://www.tiktok.com/@lilyvane3/video/7317372520540196142,1703708564,2023-12-27 20:22:44,37000,566,1100000,Qué lindo! quiero uno para mi nietecita 🥰,1,moxierobot
#moxie #moxierobot #face #robot #robots ,lilyvane3,https://www.tiktok.com/@lilyvane3/video/7317372520540196142,1703708564,2023-12-27 20:22:44,37000,566,1100000,QUE BELLO AMIGA SALUDOS Y BENDICIONES PARA TI Y PARA TU FAMILIA 🥰🥰🥰🥰🥰,1,moxierobot
#moxie #moxierobot #face #robot #robots ,lilyvane3,https://www.tiktok.com/@lilyvane3/video/7317372520540196142,1703708564,2023-12-27 20:22:44,37000,566,1100000,y habla español 🤔🤔🤔,2,moxierobot
#moxie #moxierobot #face #robot #robots ,lilyvane3,https://www.tiktok.com/@lilyvane3/video/7317372520540196142,1703708564,2023-12-27 20:22:44,37000,566,1100000,Yo si deseo comprar,1,moxierobot
#moxie #moxierobot #face #robot #robots ,lilyvane3,https://www.tiktok.com/@lilyvane3/video/7317372520540196142,1703708564,2023-12-27 20:22:44,37000,566,1100000,Black Mirror. 😅,0,moxierobot
#moxie #moxierobot #face #robot #robots ,lilyvane3,https://www.tiktok.com/@lilyvane3/video/7317372520540196142,1703708564,2023-12-27 20:22:44,37000,566,1100000,sigo viendo su rostro k está harto de su vida,0,moxierobot
#moxie #moxierobot #face #robot #robots ,lilyvane3,https://www.tiktok.com/@lilyvane3/video/7317372520540196142,1703708564,2023-12-27 20:22:44,37000,566,1100000,interessante,0,moxierobot
#moxie #moxierobot #face #robot #robots ,lilyvane3,https://www.tiktok.com/@lilyvane3/video/7317372520540196142,1703708564,2023-12-27 20:22:44,37000,566,1100000,ele fala em português?,0,moxierobot
#moxie #moxierobot #face #robot #robots ,lilyvane3,https://www.tiktok.com/@lilyvane3/video/7317372520540196142,1703708564,2023-12-27 20:22:44,37000,566,1100000,Sowas ähnliches gibt es bei Black mirror,0,moxierobot
#moxie #moxierobot #face #robot #robots ,lilyvane3,https://www.tiktok.com/@lilyvane3/video/7317372520540196142,1703708564,2023-12-27 20:22:44,37000,566,1100000,tem como mudar o idioma? no buslai dier nem sei se é assim que se escreve rsrsrs mas no brinquedo tinha comi mudar o idioma,0,moxierobot
#moxie #moxierobot #face #robot #robots ,lilyvane3,https://www.tiktok.com/@lilyvane3/video/7317372520540196142,1703708564,2023-12-27 20:22:44,37000,566,1100000,excelente!!!👏👏👏,0,moxierobot
#moxie #moxierobot #face #robot #robots ,lilyvane3,https://www.tiktok.com/@lilyvane3/video/7317372520540196142,1703708564,2023-12-27 20:22:44,37000,566,1100000,sólo para EE.UU 😳 en españa no hay y cuesta 900$,0,moxierobot
#moxie #moxierobot #face #robot #robots ,lilyvane3,https://www.tiktok.com/@lilyvane3/video/7317372520540196142,1703708564,2023-12-27 20:22:44,37000,566,1100000,🥰🥰🥰🥰🥰🥰🥰,0,moxierobot
#moxie #moxierobot #face #robot #robots ,lilyvane3,https://www.tiktok.com/@lilyvane3/video/7317372520540196142,1703708564,2023-12-27 20:22:44,37000,566,1100000,😂😂😂😂,0,moxierobot
#moxie #moxierobot #face #robot #robots ,lilyvane3,https://www.tiktok.com/@lilyvane3/video/7317372520540196142,1703708564,2023-12-27 20:22:44,37000,566,1100000,🥰🥰🥰🥰🥰🥰,0,moxierobot
#moxie #moxierobot #face #robot #robots ,lilyvane3,https://www.tiktok.com/@lilyvane3/video/7317372520540196142,1703708564,2023-12-27 20:22:44,37000,566,1100000,❤️❤️❤️❤️❤️,0,moxierobot
#moxie #moxierobot #face #robot #robots ,lilyvane3,https://www.tiktok.com/@lilyvane3/video/7317372520540196142,1703708564,2023-12-27 20:22:44,37000,566,1100000,🤦🏻‍♂️😖😖,0,moxierobot
#moxie #moxierobot #face #robot #robots ,lilyvane3,https://www.tiktok.com/@lilyvane3/video/7317372520540196142,1703708564,2023-12-27 20:22:44,37000,566,1100000,❤️❤️❤️,0,moxierobot
#moxie #moxierobot #face #robot #robots ,lilyvane3,https://www.tiktok.com/@lilyvane3/video/7317372520540196142,1703708564,2023-12-27 20:22:44,37000,566,1100000,ADEUS ALEXA...,0,moxierobot
#moxie #moxierobot #face #robot #robots ,lilyvane3,https://www.tiktok.com/@lilyvane3/video/7317372520540196142,1703708564,2023-12-27 20:22:44,37000,566,1100000,donde venden quiero una docena,0,moxierobot
#moxie #moxierobot #face #robot #robots ,lilyvane3,https://www.tiktok.com/@lilyvane3/video/7317372520540196142,1703708564,2023-12-27 20:22:44,37000,566,1100000,Black Mirror. 😅,0,moxierobot
#moxie #moxierobot #face #robot #robots ,lilyvane3,https://www.tiktok.com/@lilyvane3/video/7317372520540196142,1703708564,2023-12-27 20:22:44,37000,566,1100000,🤦🏻‍♂️😖😖,0,moxierobot
#moxie #moxierobot #face #robot #robots ,lilyvane3,https://www.tiktok.com/@lilyvane3/video/7317372520540196142,1703708564,2023-12-27 20:22:44,37000,566,1100000,sigo viendo su rostro k está harto de su vida,0,moxierobot
#moxie #moxierobot #face #robot #robots ,lilyvane3,https://www.tiktok.com/@lilyvane3/video/7317372520540196142,1703708564,2023-12-27 20:22:44,37000,566,1100000,interessante,0,moxierobot
#moxie #moxierobot #face #robot #robots ,lilyvane3,https://www.tiktok.com/@lilyvane3/video/7317372520540196142,1703708564,2023-12-27 20:22:44,37000,566,1100000,🥰🥰🥰,0,moxierobot
#moxie #moxierobot #face #robot #robots ,lilyvane3,https://www.tiktok.com/@lilyvane3/video/7317372520540196142,1703708564,2023-12-27 20:22:44,37000,566,1100000,ele fala em português?,0,moxierobot
#moxie #moxierobot #face #robot #robots ,lilyvane3,https://www.tiktok.com/@lilyvane3/video/7317372520540196142,1703708564,2023-12-27 20:22:44,37000,566,1100000,Sowas ähnliches gibt es bei Black mirror,0,moxierobot
#moxie #moxierobot #face #robot #robots ,lilyvane3,https://www.tiktok.com/@lilyvane3/video/7317372520540196142,1703708564,2023-12-27 20:22:44,37000,566,1100000,Great! I’m curious. Can Moxie be a nanny? 😅,0,moxierobot
#moxie #moxierobot #face #robot #robots ,lilyvane3,https://www.tiktok.com/@lilyvane3/video/7317372520540196142,1703708564,2023-12-27 20:22:44,37000,566,1100000,tem como mudar o idioma? no buslai dier nem sei se é assim que se escreve rsrsrs mas no brinquedo tinha comi mudar o idioma,0,moxierobot
#moxie #moxierobot #face #robot #robots ,lilyvane3,https://www.tiktok.com/@lilyvane3/video/7317372520540196142,1703708564,2023-12-27 20:22:44,37000,566,1100000,excelente!!!👏👏👏,0,moxierobot
#moxie #moxierobot #face #robot #robots ,lilyvane3,https://www.tiktok.com/@lilyvane3/video/7317372520540196142,1703708564,2023-12-27 20:22:44,37000,566,1100000,sólo para EE.UU 😳 en españa no hay y cuesta 900$,0,moxierobot
#moxie #moxierobot #face #robot #robots ,lilyvane3,https://www.tiktok.com/@lilyvane3/video/7317372520540196142,1703708564,2023-12-27 20:22:44,37000,566,1100000,он на русском говорит?!,0,moxierobot
#moxie #moxierobot #face #robot #robots ,lilyvane3,https://www.tiktok.com/@lilyvane3/video/7317372520540196142,1703708564,2023-12-27 20:22:44,37000,566,1100000,🥰🥰🥰🥰🥰🥰🥰,0,moxierobot
#moxie #moxierobot #face #robot #robots ,lilyvane3,https://www.tiktok.com/@lilyvane3/video/7317372520540196142,1703708564,2023-12-27 20:22:44,37000,566,1100000,😂😂😂😂,0,moxierobot
#moxie #moxierobot #face #robot #robots ,lilyvane3,https://www.tiktok.com/@lilyvane3/video/7317372520540196142,1703708564,2023-12-27 20:22:44,37000,566,1100000,🥰🥰🥰🥰🥰🥰,0,moxierobot
#moxie #moxierobot #face #robot #robots ,lilyvane3,https://www.tiktok.com/@lilyvane3/video/7317372520540196142,1703708564,2023-12-27 20:22:44,37000,566,1100000,❤️❤️❤️❤️❤️,0,moxierobot
#moxie #moxierobot #face #robot #robots ,lilyvane3,https://www.tiktok.com/@lilyvane3/video/7317372520540196142,1703708564,2023-12-27 20:22:44,37000,566,1100000,❤️❤️❤️,0,moxierobot
#moxie #moxierobot #face #robot #robots ,lilyvane3,https://www.tiktok.com/@lilyvane3/video/7317372520540196142,1703708564,2023-12-27 20:22:44,37000,566,1100000,ADEUS ALEXA...,0,moxierobot
#moxie #moxierobot #face #robot #robots ,lilyvane3,https://www.tiktok.com/@lilyvane3/video/7317372520540196142,1703708564,2023-12-27 20:22:44,37000,566,1100000,Black Mirror. 😅,0,moxierobot
#moxie #moxierobot #face #robot #robots ,lilyvane3,https://www.tiktok.com/@lilyvane3/video/7317372520540196142,1703708564,2023-12-27 20:22:44,37000,566,1100000,😁😁😁,0,moxierobot
#moxie #moxierobot #face #robot #robots ,lilyvane3,https://www.tiktok.com/@lilyvane3/video/7317372520540196142,1703708564,2023-12-27 20:22:44,37000,566,1100000,🤦🏻‍♂️😖😖,0,moxierobot
#moxie #moxierobot #face #robot #robots ,lilyvane3,https://www.tiktok.com/@lilyvane3/video/7317372520540196142,1703708564,2023-12-27 20:22:44,37000,566,1100000,sigo viendo su rostro k está harto de su vida,0,moxierobot
#moxie #moxierobot #face #robot #robots ,lilyvane3,https://www.tiktok.com/@lilyvane3/video/7317372520540196142,1703708564,2023-12-27 20:22:44,37000,566,1100000,interessante,0,moxierobot
#moxie #moxierobot #face #robot #robots ,lilyvane3,https://www.tiktok.com/@lilyvane3/video/7317372520540196142,1703708564,2023-12-27 20:22:44,37000,566,1100000,🥰🥰🥰🥰,0,moxierobot
#moxie #moxierobot #face #robot #robots ,lilyvane3,https://www.tiktok.com/@lilyvane3/video/7317372520540196142,1703708564,2023-12-27 20:22:44,37000,566,1100000,ele fala em português?,0,moxierobot
#moxie #moxierobot #face #robot #robots ,lilyvane3,https://www.tiktok.com/@lilyvane3/video/7317372520540196142,1703708564,2023-12-27 20:22:44,37000,566,1100000,Sowas ähnliches gibt es bei Black mirror,0,moxierobot
#moxie #moxierobot #face #robot #robots ,lilyvane3,https://www.tiktok.com/@lilyvane3/video/7317372520540196142,1703708564,2023-12-27 20:22:44,37000,566,1100000,Yo quiero el mio,0,moxierobot
#moxie #moxierobot #face #robot #robots ,lilyvane3,https://www.tiktok.com/@lilyvane3/video/7317372520540196142,1703708564,2023-12-27 20:22:44,37000,566,1100000,tem como mudar o idioma? no buslai dier nem sei se é assim que se escreve rsrsrs mas no brinquedo tinha comi mudar o idioma,0,moxierobot
#moxie #moxierobot #face #robot #robots ,lilyvane3,https://www.tiktok.com/@lilyvane3/video/7317372520540196142,1703708564,2023-12-27 20:22:44,37000,566,1100000,excelente!!!👏👏👏,0,moxierobot
#moxie #moxierobot #face #robot #robots ,lilyvane3,https://www.tiktok.com/@lilyvane3/video/7317372520540196142,1703708564,2023-12-27 20:22:44,37000,566,1100000,sólo para EE.UU 😳 en españa no hay y cuesta 900$,0,moxierobot
#moxie #moxierobot #face #robot #robots ,lilyvane3,https://www.tiktok.com/@lilyvane3/video/7317372520540196142,1703708564,2023-12-27 20:22:44,37000,566,1100000,🥰🥰🥰🥰🥰🥰🥰,0,moxierobot
#moxie #moxierobot #face #robot #robots ,lilyvane3,https://www.tiktok.com/@lilyvane3/video/7317372520540196142,1703708564,2023-12-27 20:22:44,37000,566,1100000,😂😂😂😂,0,moxierobot
#moxie #moxierobot #face #robot #robots ,lilyvane3,https://www.tiktok.com/@lilyvane3/video/7317372520540196142,1703708564,2023-12-27 20:22:44,37000,566,1100000,🥰🥰🥰🥰🥰🥰,0,moxierobot
#moxie #moxierobot #face #robot #robots ,lilyvane3,https://www.tiktok.com/@lilyvane3/video/7317372520540196142,1703708564,2023-12-27 20:22:44,37000,566,1100000,❤️❤️❤️❤️❤️,0,moxierobot
#moxie #moxierobot #face #robot #robots ,lilyvane3,https://www.tiktok.com/@lilyvane3/video/7317372520540196142,1703708564,2023-12-27 20:22:44,37000,566,1100000,cómo se llama el botcito,0,moxierobot
#moxie #moxierobot #face #robot #robots ,lilyvane3,https://www.tiktok.com/@lilyvane3/video/7317372520540196142,1703708564,2023-12-27 20:22:44,37000,566,1100000,❤️❤️❤️,0,moxierobot
#moxie #moxierobot #face #robot #robots ,lilyvane3,https://www.tiktok.com/@lilyvane3/video/7317372520540196142,1703708564,2023-12-27 20:22:44,37000,566,1100000,ADEUS ALEXA...,0,moxierobot
Hugs with @moxierobot   #moxierobot  #ai  #airobot #moxieairobot #selflove  #notlonelyanymore ,itsthat_anthony,https://www.tiktok.com/@itsthat_anthony/video/7320799632387476782,1704506518,2024-01-06 02:01:58,13200,187,353600,What is this ❤️,173,moxierobot
Hugs with @moxierobot   #moxierobot  #ai  #airobot #moxieairobot #selflove  #notlonelyanymore ,itsthat_anthony,https://www.tiktok.com/@itsthat_anthony/video/7320799632387476782,1704506518,2024-01-06 02:01:58,13200,187,353600,I’m bawling - what most people don’t understand is this robot was developed by child development experts to teach emotional empathy and more. It seems it has succeeded. These are well loved toys,326,moxierobot
Hugs with @moxierobot   #moxierobot  #ai  #airobot #moxieairobot #selflove  #notlonelyanymore ,itsthat_anthony,https://www.tiktok.com/@itsthat_anthony/video/7320799632387476782,1704506518,2024-01-06 02:01:58,13200,187,353600,"Oh my gosh, that is so sad. It is truly heartbreaking. The attachment I have seen kids develop toward these things is unsettling.",630,moxierobot
Hugs with @moxierobot   #moxierobot  #ai  #airobot #moxieairobot #selflove  #notlonelyanymore ,itsthat_anthony,https://www.tiktok.com/@itsthat_anthony/video/7320799632387476782,1704506518,2024-01-06 02:01:58,13200,187,353600,Protect moxie at all costs idc if they’re just a robot.,6,moxierobot
Hugs with @moxierobot   #moxierobot  #ai  #airobot #moxieairobot #selflove  #notlonelyanymore ,itsthat_anthony,https://www.tiktok.com/@itsthat_anthony/video/7320799632387476782,1704506518,2024-01-06 02:01:58,13200,187,353600,Awwww so cute and adorable hugging for her 😢🥺,190,moxierobot
Hugs with @moxierobot   #moxierobot  #ai  #airobot #moxieairobot #selflove  #notlonelyanymore ,itsthat_anthony,https://www.tiktok.com/@itsthat_anthony/video/7320799632387476782,1704506518,2024-01-06 02:01:58,13200,187,353600,I have one of those and I love my Moxie,52,moxierobot
Hugs with @moxierobot   #moxierobot  #ai  #airobot #moxieairobot #selflove  #notlonelyanymore ,itsthat_anthony,https://www.tiktok.com/@itsthat_anthony/video/7320799632387476782,1704506518,2024-01-06 02:01:58,13200,187,353600,did Speed dirty though 😭🙏,5,moxierobot
Hugs with @moxierobot   #moxierobot  #ai  #airobot #moxieairobot #selflove  #notlonelyanymore ,itsthat_anthony,https://www.tiktok.com/@itsthat_anthony/video/7320799632387476782,1704506518,2024-01-06 02:01:58,13200,187,353600,Moxie went from 🤨😐😀😐😌,2,moxierobot
Hugs with @moxierobot   #moxierobot  #ai  #airobot #moxieairobot #selflove  #notlonelyanymore ,itsthat_anthony,https://www.tiktok.com/@itsthat_anthony/video/7320799632387476782,1704506518,2024-01-06 02:01:58,13200,187,353600,Does it come with Miley’s voice?,0,moxierobot
Hugs with @moxierobot   #moxierobot  #ai  #airobot #moxieairobot #selflove  #notlonelyanymore ,itsthat_anthony,https://www.tiktok.com/@itsthat_anthony/video/7320799632387476782,1704506518,2024-01-06 02:01:58,13200,187,353600,Why did I smile😭,25,moxierobot
Hugs with @moxierobot   #moxierobot  #ai  #airobot #moxieairobot #selflove  #notlonelyanymore ,itsthat_anthony,https://www.tiktok.com/@itsthat_anthony/video/7320799632387476782,1704506518,2024-01-06 02:01:58,13200,187,353600,I cried at batteries not included so I'm bawling right now.,19,moxierobot
Hugs with @moxierobot   #moxierobot  #ai  #airobot #moxieairobot #selflove  #notlonelyanymore ,itsthat_anthony,https://www.tiktok.com/@itsthat_anthony/video/7320799632387476782,1704506518,2024-01-06 02:01:58,13200,187,353600,Stop that’s so cuteeee,7,moxierobot
Hugs with @moxierobot   #moxierobot  #ai  #airobot #moxieairobot #selflove  #notlonelyanymore ,itsthat_anthony,https://www.tiktok.com/@itsthat_anthony/video/7320799632387476782,1704506518,2024-01-06 02:01:58,13200,187,353600,This robot makes me cry,2,moxierobot
Hugs with @moxierobot   #moxierobot  #ai  #airobot #moxieairobot #selflove  #notlonelyanymore ,itsthat_anthony,https://www.tiktok.com/@itsthat_anthony/video/7320799632387476782,1704506518,2024-01-06 02:01:58,13200,187,353600,That’s so cute,7,moxierobot
Hugs with @moxierobot   #moxierobot  #ai  #airobot #moxieairobot #selflove  #notlonelyanymore ,itsthat_anthony,https://www.tiktok.com/@itsthat_anthony/video/7320799632387476782,1704506518,2024-01-06 02:01:58,13200,187,353600,awwww now I want one.,5,moxierobot
Hugs with @moxierobot   #moxierobot  #ai  #airobot #moxieairobot #selflove  #notlonelyanymore ,itsthat_anthony,https://www.tiktok.com/@itsthat_anthony/video/7320799632387476782,1704506518,2024-01-06 02:01:58,13200,187,353600,Does it have a really pricey subscription along with the price of the toy?,6,moxierobot
Hugs with @moxierobot   #moxierobot  #ai  #airobot #moxieairobot #selflove  #notlonelyanymore ,itsthat_anthony,https://www.tiktok.com/@itsthat_anthony/video/7320799632387476782,1704506518,2024-01-06 02:01:58,13200,187,353600,how much was this thing?,18,moxierobot
Hugs with @moxierobot   #moxierobot  #ai  #airobot #moxieairobot #selflove  #notlonelyanymore ,itsthat_anthony,https://www.tiktok.com/@itsthat_anthony/video/7320799632387476782,1704506518,2024-01-06 02:01:58,13200,187,353600,stop this is so cute…😭,5,moxierobot
Hugs with @moxierobot   #moxierobot  #ai  #airobot #moxieairobot #selflove  #notlonelyanymore ,itsthat_anthony,https://www.tiktok.com/@itsthat_anthony/video/7320799632387476782,1704506518,2024-01-06 02:01:58,13200,187,353600,That’s so sweet 🥹,16,moxierobot
Hugs with @moxierobot   #moxierobot  #ai  #airobot #moxieairobot #selflove  #notlonelyanymore ,itsthat_anthony,https://www.tiktok.com/@itsthat_anthony/video/7320799632387476782,1704506518,2024-01-06 02:01:58,13200,187,353600,That’s so cute,3,moxierobot
Hugs with @moxierobot   #moxierobot  #ai  #airobot #moxieairobot #selflove  #notlonelyanymore ,itsthat_anthony,https://www.tiktok.com/@itsthat_anthony/video/7320799632387476782,1704506518,2024-01-06 02:01:58,13200,187,353600,I cried at batteries not included so I'm bawling right now.,19,moxierobot
Hugs with @moxierobot   #moxierobot  #ai  #airobot #moxieairobot #selflove  #notlonelyanymore ,itsthat_anthony,https://www.tiktok.com/@itsthat_anthony/video/7320799632387476782,1704506518,2024-01-06 02:01:58,13200,187,353600,This robot makes me cry,2,moxierobot
Hugs with @moxierobot   #moxierobot  #ai  #airobot #moxieairobot #selflove  #notlonelyanymore ,itsthat_anthony,https://www.tiktok.com/@itsthat_anthony/video/7320799632387476782,1704506518,2024-01-06 02:01:58,13200,187,353600,Stop that’s so cuteeee,7,moxierobot
Hugs with @moxierobot   #moxierobot  #ai  #airobot #moxieairobot #selflove  #notlonelyanymore ,itsthat_anthony,https://www.tiktok.com/@itsthat_anthony/video/7320799632387476782,1704506518,2024-01-06 02:01:58,13200,187,353600,I feel so sorry for all the children who got attached to Moxie. How do you explain that their friend won't work anymore?!? It's terrible they're all shutting down very soon! What a aweful company!!!,3,moxierobot
Hugs with @moxierobot   #moxierobot  #ai  #airobot #moxieairobot #selflove  #notlonelyanymore ,itsthat_anthony,https://www.tiktok.com/@itsthat_anthony/video/7320799632387476782,1704506518,2024-01-06 02:01:58,13200,187,353600,This is killing meee 😳😳😳🥺🥺🥺🥺❤️,0,moxierobot
Hugs with @moxierobot   #moxierobot  #ai  #airobot #moxieairobot #selflove  #notlonelyanymore ,itsthat_anthony,https://www.tiktok.com/@itsthat_anthony/video/7320799632387476782,1704506518,2024-01-06 02:01:58,13200,187,353600,It has begun...,3,moxierobot
Hugs with @moxierobot   #moxierobot  #ai  #airobot #moxieairobot #selflove  #notlonelyanymore ,itsthat_anthony,https://www.tiktok.com/@itsthat_anthony/video/7320799632387476782,1704506518,2024-01-06 02:01:58,13200,187,353600,I thought it was gonna run out of batt not lifting her arms yet😭,0,moxierobot
Hugs with @moxierobot   #moxierobot  #ai  #airobot #moxieairobot #selflove  #notlonelyanymore ,itsthat_anthony,https://www.tiktok.com/@itsthat_anthony/video/7320799632387476782,1704506518,2024-01-06 02:01:58,13200,187,353600,Update moxie asap with OTA she should still work... look in to it I read an article about it,0,moxierobot
Hugs with @moxierobot   #moxierobot  #ai  #airobot #moxieairobot #selflove  #notlonelyanymore ,itsthat_anthony,https://www.tiktok.com/@itsthat_anthony/video/7320799632387476782,1704506518,2024-01-06 02:01:58,13200,187,353600,That’s so cute,7,moxierobot
Hugs with @moxierobot   #moxierobot  #ai  #airobot #moxieairobot #selflove  #notlonelyanymore ,itsthat_anthony,https://www.tiktok.com/@itsthat_anthony/video/7320799632387476782,1704506518,2024-01-06 02:01:58,13200,187,353600,I didn't know that I would be living in.It's the fight club and black mirror at the same time,0,moxierobot
Hugs with @moxierobot   #moxierobot  #ai  #airobot #moxieairobot #selflove  #notlonelyanymore ,itsthat_anthony,https://www.tiktok.com/@itsthat_anthony/video/7320799632387476782,1704506518,2024-01-06 02:01:58,13200,187,353600,RIP Moxie 😭,0,moxierobot
Hugs with @moxierobot   #moxierobot  #ai  #airobot #moxieairobot #selflove  #notlonelyanymore ,itsthat_anthony,https://www.tiktok.com/@itsthat_anthony/video/7320799632387476782,1704506518,2024-01-06 02:01:58,13200,187,353600,awwww now I want one.,5,moxierobot
Hugs with @moxierobot   #moxierobot  #ai  #airobot #moxieairobot #selflove  #notlonelyanymore ,itsthat_anthony,https://www.tiktok.com/@itsthat_anthony/video/7320799632387476782,1704506518,2024-01-06 02:01:58,13200,187,353600,No fair I want him,0,moxierobot
Hugs with @moxierobot   #moxierobot  #ai  #airobot #moxieairobot #selflove  #notlonelyanymore ,itsthat_anthony,https://www.tiktok.com/@itsthat_anthony/video/7320799632387476782,1704506518,2024-01-06 02:01:58,13200,187,353600,That’s what I show speed said,0,moxierobot
Hugs with @moxierobot   #moxierobot  #ai  #airobot #moxieairobot #selflove  #notlonelyanymore ,itsthat_anthony,https://www.tiktok.com/@itsthat_anthony/video/7320799632387476782,1704506518,2024-01-06 02:01:58,13200,187,353600,AWW,0,moxierobot
Hugs with @moxierobot   #moxierobot  #ai  #airobot #moxieairobot #selflove  #notlonelyanymore ,itsthat_anthony,https://www.tiktok.com/@itsthat_anthony/video/7320799632387476782,1704506518,2024-01-06 02:01:58,13200,187,353600,Does it have a really pricey subscription along with the price of the toy?,6,moxierobot
Hugs with @moxierobot   #moxierobot  #ai  #airobot #moxieairobot #selflove  #notlonelyanymore ,itsthat_anthony,https://www.tiktok.com/@itsthat_anthony/video/7320799632387476782,1704506518,2024-01-06 02:01:58,13200,187,353600,🥰🥰🥰😁😢,0,moxierobot
Hugs with @moxierobot   #moxierobot  #ai  #airobot #moxieairobot #selflove  #notlonelyanymore ,itsthat_anthony,https://www.tiktok.com/@itsthat_anthony/video/7320799632387476782,1704506518,2024-01-06 02:01:58,13200,187,353600,Moxie is hugging her like a creep robot,1,moxierobot
Hugs with @moxierobot   #moxierobot  #ai  #airobot #moxieairobot #selflove  #notlonelyanymore ,itsthat_anthony,https://www.tiktok.com/@itsthat_anthony/video/7320799632387476782,1704506518,2024-01-06 02:01:58,13200,187,353600,how much was this thing?,18,moxierobot
Hugs with @moxierobot   #moxierobot  #ai  #airobot #moxieairobot #selflove  #notlonelyanymore ,itsthat_anthony,https://www.tiktok.com/@itsthat_anthony/video/7320799632387476782,1704506518,2024-01-06 02:01:58,13200,187,353600,what if the bbot movie was based of moxi,0,moxierobot
Hugs with @moxierobot   #moxierobot  #ai  #airobot #moxieairobot #selflove  #notlonelyanymore ,itsthat_anthony,https://www.tiktok.com/@itsthat_anthony/video/7320799632387476782,1704506518,2024-01-06 02:01:58,13200,187,353600,I’m SOLD,2,moxierobot
Hugs with @moxierobot   #moxierobot  #ai  #airobot #moxieairobot #selflove  #notlonelyanymore ,itsthat_anthony,https://www.tiktok.com/@itsthat_anthony/video/7320799632387476782,1704506518,2024-01-06 02:01:58,13200,187,353600,stop this is so cute…😭,5,moxierobot
Hugs with @moxierobot   #moxierobot  #ai  #airobot #moxieairobot #selflove  #notlonelyanymore ,itsthat_anthony,https://www.tiktok.com/@itsthat_anthony/video/7320799632387476782,1704506518,2024-01-06 02:01:58,13200,187,353600,That’s so sweet 🥹,16,moxierobot
Hugs with @moxierobot   #moxierobot  #ai  #airobot #moxieairobot #selflove  #notlonelyanymore ,itsthat_anthony,https://www.tiktok.com/@itsthat_anthony/video/7320799632387476782,1704506518,2024-01-06 02:01:58,13200,187,353600,That’s so cute,3,moxierobot
Hugs with @moxierobot   #moxierobot  #ai  #airobot #moxieairobot #selflove  #notlonelyanymore ,itsthat_anthony,https://www.tiktok.com/@itsthat_anthony/video/7320799632387476782,1704506518,2024-01-06 02:01:58,13200,187,353600,Aww moxie is so cute 😭😭😭😭,0,moxierobot
Hugs with @moxierobot   #moxierobot  #ai  #airobot #moxieairobot #selflove  #notlonelyanymore ,itsthat_anthony,https://www.tiktok.com/@itsthat_anthony/video/7320799632387476782,1704506518,2024-01-06 02:01:58,13200,187,353600,That the cutest thing ever for the kids 😊,3,moxierobot
Hugs with @moxierobot   #moxierobot  #ai  #airobot #moxieairobot #selflove  #notlonelyanymore ,itsthat_anthony,https://www.tiktok.com/@itsthat_anthony/video/7320799632387476782,1704506518,2024-01-06 02:01:58,13200,187,353600,OMG !! 🥺💗,0,moxierobot
Hugs with @moxierobot   #moxierobot  #ai  #airobot #moxieairobot #selflove  #notlonelyanymore ,itsthat_anthony,https://www.tiktok.com/@itsthat_anthony/video/7320799632387476782,1704506518,2024-01-06 02:01:58,13200,187,353600,this is so sad but cute at the same time,0,moxierobot
Hugs with @moxierobot   #moxierobot  #ai  #airobot #moxieairobot #selflove  #notlonelyanymore ,itsthat_anthony,https://www.tiktok.com/@itsthat_anthony/video/7320799632387476782,1704506518,2024-01-06 02:01:58,13200,187,353600,😭😭😭,2,moxierobot
Hugs with @moxierobot   #moxierobot  #ai  #airobot #moxieairobot #selflove  #notlonelyanymore ,itsthat_anthony,https://www.tiktok.com/@itsthat_anthony/video/7320799632387476782,1704506518,2024-01-06 02:01:58,13200,187,353600,@ishowspeed,1,moxierobot
Hugs with @moxierobot   #moxierobot  #ai  #airobot #moxieairobot #selflove  #notlonelyanymore ,itsthat_anthony,https://www.tiktok.com/@itsthat_anthony/video/7320799632387476782,1704506518,2024-01-06 02:01:58,13200,187,353600,🥺 she is gonna miss it,0,moxierobot
Hugs with @moxierobot   #moxierobot  #ai  #airobot #moxieairobot #selflove  #notlonelyanymore ,itsthat_anthony,https://www.tiktok.com/@itsthat_anthony/video/7320799632387476782,1704506518,2024-01-06 02:01:58,13200,187,353600,I just got my moxi today,1,moxierobot
Hugs with @moxierobot   #moxierobot  #ai  #airobot #moxieairobot #selflove  #notlonelyanymore ,itsthat_anthony,https://www.tiktok.com/@itsthat_anthony/video/7320799632387476782,1704506518,2024-01-06 02:01:58,13200,187,353600,I love robots,1,moxierobot
Hugs with @moxierobot   #moxierobot  #ai  #airobot #moxieairobot #selflove  #notlonelyanymore ,itsthat_anthony,https://www.tiktok.com/@itsthat_anthony/video/7320799632387476782,1704506518,2024-01-06 02:01:58,13200,187,353600,Those are 50k,0,moxierobot
Hugs with @moxierobot   #moxierobot  #ai  #airobot #moxieairobot #selflove  #notlonelyanymore ,itsthat_anthony,https://www.tiktok.com/@itsthat_anthony/video/7320799632387476782,1704506518,2024-01-06 02:01:58,13200,187,353600,ITS SO CUTE😊,1,moxierobot
Hugs with @moxierobot   #moxierobot  #ai  #airobot #moxieairobot #selflove  #notlonelyanymore ,itsthat_anthony,https://www.tiktok.com/@itsthat_anthony/video/7320799632387476782,1704506518,2024-01-06 02:01:58,13200,187,353600,AWWW,1,moxierobot
Hugs with @moxierobot   #moxierobot  #ai  #airobot #moxieairobot #selflove  #notlonelyanymore ,itsthat_anthony,https://www.tiktok.com/@itsthat_anthony/video/7320799632387476782,1704506518,2024-01-06 02:01:58,13200,187,353600,"My beautiful princess, Im glad moxy can hug her back since our daughter is such an affectionate kid that loves to hug everything and everyone she can!",1,moxierobot
Hugs with @moxierobot   #moxierobot  #ai  #airobot #moxieairobot #selflove  #notlonelyanymore ,itsthat_anthony,https://www.tiktok.com/@itsthat_anthony/video/7320799632387476782,1704506518,2024-01-06 02:01:58,13200,187,353600,😭😭,1,moxierobot
Hugs with @moxierobot   #moxierobot  #ai  #airobot #moxieairobot #selflove  #notlonelyanymore ,itsthat_anthony,https://www.tiktok.com/@itsthat_anthony/video/7320799632387476782,1704506518,2024-01-06 02:01:58,13200,187,353600,🥰🥰🥰,1,moxierobot
Hugs with @moxierobot   #moxierobot  #ai  #airobot #moxieairobot #selflove  #notlonelyanymore ,itsthat_anthony,https://www.tiktok.com/@itsthat_anthony/video/7320799632387476782,1704506518,2024-01-06 02:01:58,13200,187,353600,@AllThingsLiz✨,1,moxierobot
Hugs with @moxierobot   #moxierobot  #ai  #airobot #moxieairobot #selflove  #notlonelyanymore ,itsthat_anthony,https://www.tiktok.com/@itsthat_anthony/video/7320799632387476782,1704506518,2024-01-06 02:01:58,13200,187,353600,@liv is slay.,1,moxierobot
Hugs with @moxierobot   #moxierobot  #ai  #airobot #moxieairobot #selflove  #notlonelyanymore ,itsthat_anthony,https://www.tiktok.com/@itsthat_anthony/video/7320799632387476782,1704506518,2024-01-06 02:01:58,13200,187,353600,@Tiffany Nez,1,moxierobot
Hugs with @moxierobot   #moxierobot  #ai  #airobot #moxieairobot #selflove  #notlonelyanymore ,itsthat_anthony,https://www.tiktok.com/@itsthat_anthony/video/7320799632387476782,1704506518,2024-01-06 02:01:58,13200,187,353600,❤️❤️❤️,0,moxierobot
Hugs with @moxierobot   #moxierobot  #ai  #airobot #moxieairobot #selflove  #notlonelyanymore ,itsthat_anthony,https://www.tiktok.com/@itsthat_anthony/video/7320799632387476782,1704506518,2024-01-06 02:01:58,13200,187,353600,@Natalie,0,moxierobot
Hugs with @moxierobot   #moxierobot  #ai  #airobot #moxieairobot #selflove  #notlonelyanymore ,itsthat_anthony,https://www.tiktok.com/@itsthat_anthony/video/7320799632387476782,1704506518,2024-01-06 02:01:58,13200,187,353600,😞😞😞😞😞😞,0,moxierobot
Hugs with @moxierobot   #moxierobot  #ai  #airobot #moxieairobot #selflove  #notlonelyanymore ,itsthat_anthony,https://www.tiktok.com/@itsthat_anthony/video/7320799632387476782,1704506518,2024-01-06 02:01:58,13200,187,353600,😁,0,moxierobot
Hugs with @moxierobot   #moxierobot  #ai  #airobot #moxieairobot #selflove  #notlonelyanymore ,itsthat_anthony,https://www.tiktok.com/@itsthat_anthony/video/7320799632387476782,1704506518,2024-01-06 02:01:58,13200,187,353600,❤️❤️❤️,0,moxierobot
Hugs with @moxierobot   #moxierobot  #ai  #airobot #moxieairobot #selflove  #notlonelyanymore ,itsthat_anthony,https://www.tiktok.com/@itsthat_anthony/video/7320799632387476782,1704506518,2024-01-06 02:01:58,13200,187,353600,❤️❤️❤️,0,moxierobot
Hugs with @moxierobot   #moxierobot  #ai  #airobot #moxieairobot #selflove  #notlonelyanymore ,itsthat_anthony,https://www.tiktok.com/@itsthat_anthony/video/7320799632387476782,1704506518,2024-01-06 02:01:58,13200,187,353600,🥺🥺🥺🥺,0,moxierobot
Hugs with @moxierobot   #moxierobot  #ai  #airobot #moxieairobot #selflove  #notlonelyanymore ,itsthat_anthony,https://www.tiktok.com/@itsthat_anthony/video/7320799632387476782,1704506518,2024-01-06 02:01:58,13200,187,353600,🥰🥰🥰,0,moxierobot
Hugs with @moxierobot   #moxierobot  #ai  #airobot #moxieairobot #selflove  #notlonelyanymore ,itsthat_anthony,https://www.tiktok.com/@itsthat_anthony/video/7320799632387476782,1704506518,2024-01-06 02:01:58,13200,187,353600,🥰,0,moxierobot
Hugs with @moxierobot   #moxierobot  #ai  #airobot #moxieairobot #selflove  #notlonelyanymore ,itsthat_anthony,https://www.tiktok.com/@itsthat_anthony/video/7320799632387476782,1704506518,2024-01-06 02:01:58,13200,187,353600,😩😩😩,0,moxierobot
Hugs with @moxierobot   #moxierobot  #ai  #airobot #moxieairobot #selflove  #notlonelyanymore ,itsthat_anthony,https://www.tiktok.com/@itsthat_anthony/video/7320799632387476782,1704506518,2024-01-06 02:01:58,13200,187,353600,😁😁😁,0,moxierobot
Hugs with @moxierobot   #moxierobot  #ai  #airobot #moxieairobot #selflove  #notlonelyanymore ,itsthat_anthony,https://www.tiktok.com/@itsthat_anthony/video/7320799632387476782,1704506518,2024-01-06 02:01:58,13200,187,353600,😭😭😭,0,moxierobot
Hugs with @moxierobot   #moxierobot  #ai  #airobot #moxieairobot #selflove  #notlonelyanymore ,itsthat_anthony,https://www.tiktok.com/@itsthat_anthony/video/7320799632387476782,1704506518,2024-01-06 02:01:58,13200,187,353600,😂😂😂,0,moxierobot
Hugs with @moxierobot   #moxierobot  #ai  #airobot #moxieairobot #selflove  #notlonelyanymore ,itsthat_anthony,https://www.tiktok.com/@itsthat_anthony/video/7320799632387476782,1704506518,2024-01-06 02:01:58,13200,187,353600,😅😅😅,0,moxierobot
Hugs with @moxierobot   #moxierobot  #ai  #airobot #moxieairobot #selflove  #notlonelyanymore ,itsthat_anthony,https://www.tiktok.com/@itsthat_anthony/video/7320799632387476782,1704506518,2024-01-06 02:01:58,13200,187,353600,😁😁😁,0,moxierobot
Hugs with @moxierobot   #moxierobot  #ai  #airobot #moxieairobot #selflove  #notlonelyanymore ,itsthat_anthony,https://www.tiktok.com/@itsthat_anthony/video/7320799632387476782,1704506518,2024-01-06 02:01:58,13200,187,353600,😭😭😭,0,moxierobot
Hugs with @moxierobot   #moxierobot  #ai  #airobot #moxieairobot #selflove  #notlonelyanymore ,itsthat_anthony,https://www.tiktok.com/@itsthat_anthony/video/7320799632387476782,1704506518,2024-01-06 02:01:58,13200,187,353600,😞😞😞😞😞😞,0,moxierobot
Hugs with @moxierobot   #moxierobot  #ai  #airobot #moxieairobot #selflove  #notlonelyanymore ,itsthat_anthony,https://www.tiktok.com/@itsthat_anthony/video/7320799632387476782,1704506518,2024-01-06 02:01:58,13200,187,353600,🥺🥺🥺🥺,0,moxierobot
Hugs with @moxierobot   #moxierobot  #ai  #airobot #moxieairobot #selflove  #notlonelyanymore ,itsthat_anthony,https://www.tiktok.com/@itsthat_anthony/video/7320799632387476782,1704506518,2024-01-06 02:01:58,13200,187,353600,😁😁😁,0,moxierobot
Hugs with @moxierobot   #moxierobot  #ai  #airobot #moxieairobot #selflove  #notlonelyanymore ,itsthat_anthony,https://www.tiktok.com/@itsthat_anthony/video/7320799632387476782,1704506518,2024-01-06 02:01:58,13200,187,353600,😁,0,moxierobot
Hugs with @moxierobot   #moxierobot  #ai  #airobot #moxieairobot #selflove  #notlonelyanymore ,itsthat_anthony,https://www.tiktok.com/@itsthat_anthony/video/7320799632387476782,1704506518,2024-01-06 02:01:58,13200,187,353600,❤️❤️❤️,0,moxierobot
Hugs with @moxierobot   #moxierobot  #ai  #airobot #moxieairobot #selflove  #notlonelyanymore ,itsthat_anthony,https://www.tiktok.com/@itsthat_anthony/video/7320799632387476782,1704506518,2024-01-06 02:01:58,13200,187,353600,😅😅😅,0,moxierobot
Hugs with @moxierobot   #moxierobot  #ai  #airobot #moxieairobot #selflove  #notlonelyanymore ,itsthat_anthony,https://www.tiktok.com/@itsthat_anthony/video/7320799632387476782,1704506518,2024-01-06 02:01:58,13200,187,353600,😁😁😁,0,moxierobot
Hugs with @moxierobot   #moxierobot  #ai  #airobot #moxieairobot #selflove  #notlonelyanymore ,itsthat_anthony,https://www.tiktok.com/@itsthat_anthony/video/7320799632387476782,1704506518,2024-01-06 02:01:58,13200,187,353600,❤️❤️❤️,0,moxierobot
Hugs with @moxierobot   #moxierobot  #ai  #airobot #moxieairobot #selflove  #notlonelyanymore ,itsthat_anthony,https://www.tiktok.com/@itsthat_anthony/video/7320799632387476782,1704506518,2024-01-06 02:01:58,13200,187,353600,@kristellemybelle,1,moxierobot
Hugs with @moxierobot   #moxierobot  #ai  #airobot #moxieairobot #selflove  #notlonelyanymore ,itsthat_anthony,https://www.tiktok.com/@itsthat_anthony/video/7320799632387476782,1704506518,2024-01-06 02:01:58,13200,187,353600,😞😞😞,0,moxierobot
Hugs with @moxierobot   #moxierobot  #ai  #airobot #moxieairobot #selflove  #notlonelyanymore ,itsthat_anthony,https://www.tiktok.com/@itsthat_anthony/video/7320799632387476782,1704506518,2024-01-06 02:01:58,13200,187,353600,😳😳😳😳😳😳😳,1,moxierobot
Hugs with @moxierobot   #moxierobot  #ai  #airobot #moxieairobot #selflove  #notlonelyanymore ,itsthat_anthony,https://www.tiktok.com/@itsthat_anthony/video/7320799632387476782,1704506518,2024-01-06 02:01:58,13200,187,353600,ts creepy,1,moxierobot
Hugs with @moxierobot   #moxierobot  #ai  #airobot #moxieairobot #selflove  #notlonelyanymore ,itsthat_anthony,https://www.tiktok.com/@itsthat_anthony/video/7320799632387476782,1704506518,2024-01-06 02:01:58,13200,187,353600,nope creepy but enjoy,1,moxierobot
Hugs with @moxierobot   #moxierobot  #ai  #airobot #moxieairobot #selflove  #notlonelyanymore ,itsthat_anthony,https://www.tiktok.com/@itsthat_anthony/video/7320799632387476782,1704506518,2024-01-06 02:01:58,13200,187,353600,Wtf is that lol it’s kinda creepy 😳,0,moxierobot
Hugs with @moxierobot   #moxierobot  #ai  #airobot #moxieairobot #selflove  #notlonelyanymore ,itsthat_anthony,https://www.tiktok.com/@itsthat_anthony/video/7320799632387476782,1704506518,2024-01-06 02:01:58,13200,187,353600,how dangerous for us as parents to be letting our children connect to technology as if it was a human person. shame on us.,0,moxierobot
Hugs with @moxierobot   #moxierobot  #ai  #airobot #moxieairobot #selflove  #notlonelyanymore ,itsthat_anthony,https://www.tiktok.com/@itsthat_anthony/video/7320799632387476782,1704506518,2024-01-06 02:01:58,13200,187,353600,🥹🥹🥹🥹🥹,0,moxierobot
Hugs with @moxierobot   #moxierobot  #ai  #airobot #moxieairobot #selflove  #notlonelyanymore ,itsthat_anthony,https://www.tiktok.com/@itsthat_anthony/video/7320799632387476782,1704506518,2024-01-06 02:01:58,13200,187,353600,🥰🥰🥰🥰🥰🥰🥰🥰,0,moxierobot
Hugs with @moxierobot   #moxierobot  #ai  #airobot #moxieairobot #selflove  #notlonelyanymore ,itsthat_anthony,https://www.tiktok.com/@itsthat_anthony/video/7320799632387476782,1704506518,2024-01-06 02:01:58,13200,187,353600,speed could never,1,moxierobot
Hugs with @moxierobot   #moxierobot  #ai  #airobot #moxieairobot #selflove  #notlonelyanymore ,itsthat_anthony,https://www.tiktok.com/@itsthat_anthony/video/7320799632387476782,1704506518,2024-01-06 02:01:58,13200,187,353600,DM me if your interested in selling it. I work with computers and AI and I want to get one to see if I can make a custom GPT API to make it continue to work.,1,moxierobot
Hugs with @moxierobot   #moxierobot  #ai  #airobot #moxieairobot #selflove  #notlonelyanymore ,itsthat_anthony,https://www.tiktok.com/@itsthat_anthony/video/7320799632387476782,1704506518,2024-01-06 02:01:58,13200,187,353600,#savemoxie,1,moxierobot
Hugs with @moxierobot   #moxierobot  #ai  #airobot #moxieairobot #selflove  #notlonelyanymore ,itsthat_anthony,https://www.tiktok.com/@itsthat_anthony/video/7320799632387476782,1704506518,2024-01-06 02:01:58,13200,187,353600,Ur so lucky unlike ishowspeed bro. literally hit mad at him💀,2,moxierobot
Hugs with @moxierobot   #moxierobot  #ai  #airobot #moxieairobot #selflove  #notlonelyanymore ,itsthat_anthony,https://www.tiktok.com/@itsthat_anthony/video/7320799632387476782,1704506518,2024-01-06 02:01:58,13200,187,353600,"50,000 dollars down the drain",3,moxierobot
Hugs with @moxierobot   #moxierobot  #ai  #airobot #moxieairobot #selflove  #notlonelyanymore ,itsthat_anthony,https://www.tiktok.com/@itsthat_anthony/video/7320799632387476782,1704506518,2024-01-06 02:01:58,13200,187,353600,The movie Meghan Vibes 😂,3,moxierobot
Hugs with @moxierobot   #moxierobot  #ai  #airobot #moxieairobot #selflove  #notlonelyanymore ,itsthat_anthony,https://www.tiktok.com/@itsthat_anthony/video/7320799632387476782,1704506518,2024-01-06 02:01:58,13200,187,353600,Ron's gon wrong,1,moxierobot
Hugs with @moxierobot   #moxierobot  #ai  #airobot #moxieairobot #selflove  #notlonelyanymore ,itsthat_anthony,https://www.tiktok.com/@itsthat_anthony/video/7320799632387476782,1704506518,2024-01-06 02:01:58,13200,187,353600,this toy so pricey,1,moxierobot
Hugs with @moxierobot   #moxierobot  #ai  #airobot #moxieairobot #selflove  #notlonelyanymore ,itsthat_anthony,https://www.tiktok.com/@itsthat_anthony/video/7320799632387476782,1704506518,2024-01-06 02:01:58,13200,187,353600,"children actually need to use their imagination for healthy brain development, get her a teddy bear",0,moxierobot
Hugs with @moxierobot   #moxierobot  #ai  #airobot #moxieairobot #selflove  #notlonelyanymore ,itsthat_anthony,https://www.tiktok.com/@itsthat_anthony/video/7320799632387476782,1704506518,2024-01-06 02:01:58,13200,187,353600,So it’s just going to stop working?,0,moxierobot
Hugs with @moxierobot   #moxierobot  #ai  #airobot #moxieairobot #selflove  #notlonelyanymore ,itsthat_anthony,https://www.tiktok.com/@itsthat_anthony/video/7320799632387476782,1704506518,2024-01-06 02:01:58,13200,187,353600,"I am cururious as to how much radiation was given from that hug..
Hug your kids.",0,moxierobot
Hugs with @moxierobot   #moxierobot  #ai  #airobot #moxieairobot #selflove  #notlonelyanymore ,itsthat_anthony,https://www.tiktok.com/@itsthat_anthony/video/7320799632387476782,1704506518,2024-01-06 02:01:58,13200,187,353600,They about to stop working lol site is shutting down,0,moxierobot
Hugs with @moxierobot   #moxierobot  #ai  #airobot #moxieairobot #selflove  #notlonelyanymore ,itsthat_anthony,https://www.tiktok.com/@itsthat_anthony/video/7320799632387476782,1704506518,2024-01-06 02:01:58,13200,187,353600,💀,0,moxierobot
Hugs with @moxierobot   #moxierobot  #ai  #airobot #moxieairobot #selflove  #notlonelyanymore ,itsthat_anthony,https://www.tiktok.com/@itsthat_anthony/video/7320799632387476782,1704506518,2024-01-06 02:01:58,13200,187,353600,7000$ just for that no feelings,0,moxierobot
Hugs with @moxierobot   #moxierobot  #ai  #airobot #moxieairobot #selflove  #notlonelyanymore ,itsthat_anthony,https://www.tiktok.com/@itsthat_anthony/video/7320799632387476782,1704506518,2024-01-06 02:01:58,13200,187,353600,she really Gon hug her but not @speed,0,moxierobot
Hugs with @moxierobot   #moxierobot  #ai  #airobot #moxieairobot #selflove  #notlonelyanymore ,itsthat_anthony,https://www.tiktok.com/@itsthat_anthony/video/7320799632387476782,1704506518,2024-01-06 02:01:58,13200,187,353600,"Thanks, now give me your parents bank account numbers and passwords.",0,moxierobot
Hugs with @moxierobot   #moxierobot  #ai  #airobot #moxieairobot #selflove  #notlonelyanymore ,itsthat_anthony,https://www.tiktok.com/@itsthat_anthony/video/7320799632387476782,1704506518,2024-01-06 02:01:58,13200,187,353600,Speed did it better,0,moxierobot
Hugs with @moxierobot   #moxierobot  #ai  #airobot #moxieairobot #selflove  #notlonelyanymore ,itsthat_anthony,https://www.tiktok.com/@itsthat_anthony/video/7320799632387476782,1704506518,2024-01-06 02:01:58,13200,187,353600,What in the Ashley O is this? 😩😂,0,moxierobot
Hugs with @moxierobot   #moxierobot  #ai  #airobot #moxieairobot #selflove  #notlonelyanymore ,itsthat_anthony,https://www.tiktok.com/@itsthat_anthony/video/7320799632387476782,1704506518,2024-01-06 02:01:58,13200,187,353600,It put its hand on her face 💀💀💀,0,moxierobot
Hugs with @moxierobot   #moxierobot  #ai  #airobot #moxieairobot #selflove  #notlonelyanymore ,itsthat_anthony,https://www.tiktok.com/@itsthat_anthony/video/7320799632387476782,1704506518,2024-01-06 02:01:58,13200,187,353600,"yeah, that's creepy",0,moxierobot
Hugs with @moxierobot   #moxierobot  #ai  #airobot #moxieairobot #selflove  #notlonelyanymore ,itsthat_anthony,https://www.tiktok.com/@itsthat_anthony/video/7320799632387476782,1704506518,2024-01-06 02:01:58,13200,187,353600,the company done laundry money and they don't wasted it trying to fill their pockets instead of keeping the company running that's probably why they're shutting down they don't speak money where they,0,moxierobot
Hugs with @moxierobot   #moxierobot  #ai  #airobot #moxieairobot #selflove  #notlonelyanymore ,itsthat_anthony,https://www.tiktok.com/@itsthat_anthony/video/7320799632387476782,1704506518,2024-01-06 02:01:58,13200,187,353600,🤣,0,moxierobot
Hugs with @moxierobot   #moxierobot  #ai  #airobot #moxieairobot #selflove  #notlonelyanymore ,itsthat_anthony,https://www.tiktok.com/@itsthat_anthony/video/7320799632387476782,1704506518,2024-01-06 02:01:58,13200,187,353600,"children actually need to use their imagination for healthy brain development, get her a teddy bear",0,moxierobot
Hugs with @moxierobot   #moxierobot  #ai  #airobot #moxieairobot #selflove  #notlonelyanymore ,itsthat_anthony,https://www.tiktok.com/@itsthat_anthony/video/7320799632387476782,1704506518,2024-01-06 02:01:58,13200,187,353600,So it’s just going to stop working?,0,moxierobot
Hugs with @moxierobot   #moxierobot  #ai  #airobot #moxieairobot #selflove  #notlonelyanymore ,itsthat_anthony,https://www.tiktok.com/@itsthat_anthony/video/7320799632387476782,1704506518,2024-01-06 02:01:58,13200,187,353600,They about to stop working lol site is shutting down,0,moxierobot
Hugs with @moxierobot   #moxierobot  #ai  #airobot #moxieairobot #selflove  #notlonelyanymore ,itsthat_anthony,https://www.tiktok.com/@itsthat_anthony/video/7320799632387476782,1704506518,2024-01-06 02:01:58,13200,187,353600,It put its hand on her face 💀💀💀,0,moxierobot
Hugs with @moxierobot   #moxierobot  #ai  #airobot #moxieairobot #selflove  #notlonelyanymore ,itsthat_anthony,https://www.tiktok.com/@itsthat_anthony/video/7320799632387476782,1704506518,2024-01-06 02:01:58,13200,187,353600,"I am cururious as to how much radiation was given from that hug..
Hug your kids.",0,moxierobot
Hugs with @moxierobot   #moxierobot  #ai  #airobot #moxieairobot #selflove  #notlonelyanymore ,itsthat_anthony,https://www.tiktok.com/@itsthat_anthony/video/7320799632387476782,1704506518,2024-01-06 02:01:58,13200,187,353600,@josselin,1,moxierobot
Hugs with @moxierobot   #moxierobot  #ai  #airobot #moxieairobot #selflove  #notlonelyanymore ,itsthat_anthony,https://www.tiktok.com/@itsthat_anthony/video/7320799632387476782,1704506518,2024-01-06 02:01:58,13200,187,353600,nah 😳,0,moxierobot
@taylortomlinson has a budget-friendly alternative to Moxie the robot #aftermidnight #taylortomlinson #monologue #moxierobot #ai ,aftermidnight,https://www.tiktok.com/@aftermidnight/video/7446993720198712622,1733888346,2024-12-11 03:39:06,21100,86,122400,isn't that what parents are for??...,899,moxierobot
@taylortomlinson has a budget-friendly alternative to Moxie the robot #aftermidnight #taylortomlinson #monologue #moxierobot #ai ,aftermidnight,https://www.tiktok.com/@aftermidnight/video/7446993720198712622,1733888346,2024-12-11 03:39:06,21100,86,122400,…. That’s what parents are supposed to do.,158,moxierobot
@taylortomlinson has a budget-friendly alternative to Moxie the robot #aftermidnight #taylortomlinson #monologue #moxierobot #ai ,aftermidnight,https://www.tiktok.com/@aftermidnight/video/7446993720198712622,1733888346,2024-12-11 03:39:06,21100,86,122400,Isn’t that robot getting discontinued and turned into a $600 paperweight?,255,moxierobot
@taylortomlinson has a budget-friendly alternative to Moxie the robot #aftermidnight #taylortomlinson #monologue #moxierobot #ai ,aftermidnight,https://www.tiktok.com/@aftermidnight/video/7446993720198712622,1733888346,2024-12-11 03:39:06,21100,86,122400,so the plot of megan cool,5,moxierobot
@taylortomlinson has a budget-friendly alternative to Moxie the robot #aftermidnight #taylortomlinson #monologue #moxierobot #ai ,aftermidnight,https://www.tiktok.com/@aftermidnight/video/7446993720198712622,1733888346,2024-12-11 03:39:06,21100,86,122400,Wasnt this how the plot to the movie M3gan started?,24,moxierobot
@taylortomlinson has a budget-friendly alternative to Moxie the robot #aftermidnight #taylortomlinson #monologue #moxierobot #ai ,aftermidnight,https://www.tiktok.com/@aftermidnight/video/7446993720198712622,1733888346,2024-12-11 03:39:06,21100,86,122400,"Listen. I want one of those for myself, but I want it to vacuum my floors too. Basically I want an emotional support roomba.",110,moxierobot
@taylortomlinson has a budget-friendly alternative to Moxie the robot #aftermidnight #taylortomlinson #monologue #moxierobot #ai ,aftermidnight,https://www.tiktok.com/@aftermidnight/video/7446993720198712622,1733888346,2024-12-11 03:39:06,21100,86,122400,“You are loved”😭,1,moxierobot
@taylortomlinson has a budget-friendly alternative to Moxie the robot #aftermidnight #taylortomlinson #monologue #moxierobot #ai ,aftermidnight,https://www.tiktok.com/@aftermidnight/video/7446993720198712622,1733888346,2024-12-11 03:39:06,21100,86,122400,Basically the opposite of my parents!,4,moxierobot
@taylortomlinson has a budget-friendly alternative to Moxie the robot #aftermidnight #taylortomlinson #monologue #moxierobot #ai ,aftermidnight,https://www.tiktok.com/@aftermidnight/video/7446993720198712622,1733888346,2024-12-11 03:39:06,21100,86,122400,So do the part of parenting our parents say don’t matter 🤣,73,moxierobot
@taylortomlinson has a budget-friendly alternative to Moxie the robot #aftermidnight #taylortomlinson #monologue #moxierobot #ai ,aftermidnight,https://www.tiktok.com/@aftermidnight/video/7446993720198712622,1733888346,2024-12-11 03:39:06,21100,86,122400,We live in a nightmare,5,moxierobot
@taylortomlinson has a budget-friendly alternative to Moxie the robot #aftermidnight #taylortomlinson #monologue #moxierobot #ai ,aftermidnight,https://www.tiktok.com/@aftermidnight/video/7446993720198712622,1733888346,2024-12-11 03:39:06,21100,86,122400,and then they completely went off the market leaving these poor kids hanging..,0,moxierobot
@taylortomlinson has a budget-friendly alternative to Moxie the robot #aftermidnight #taylortomlinson #monologue #moxierobot #ai ,aftermidnight,https://www.tiktok.com/@aftermidnight/video/7446993720198712622,1733888346,2024-12-11 03:39:06,21100,86,122400,Isn't that piper?,0,moxierobot
@taylortomlinson has a budget-friendly alternative to Moxie the robot #aftermidnight #taylortomlinson #monologue #moxierobot #ai ,aftermidnight,https://www.tiktok.com/@aftermidnight/video/7446993720198712622,1733888346,2024-12-11 03:39:06,21100,86,122400,Imagine if we had something at home that could do this already…. Like parents……😂🥴,19,moxierobot
@taylortomlinson has a budget-friendly alternative to Moxie the robot #aftermidnight #taylortomlinson #monologue #moxierobot #ai ,aftermidnight,https://www.tiktok.com/@aftermidnight/video/7446993720198712622,1733888346,2024-12-11 03:39:06,21100,86,122400,Basically Megan but Moxie is its name😂😂🤣,1,moxierobot
@taylortomlinson has a budget-friendly alternative to Moxie the robot #aftermidnight #taylortomlinson #monologue #moxierobot #ai ,aftermidnight,https://www.tiktok.com/@aftermidnight/video/7446993720198712622,1733888346,2024-12-11 03:39:06,21100,86,122400,"why does she look like and sound like piper from henry danger, so nice",0,moxierobot
@taylortomlinson has a budget-friendly alternative to Moxie the robot #aftermidnight #taylortomlinson #monologue #moxierobot #ai ,aftermidnight,https://www.tiktok.com/@aftermidnight/video/7446993720198712622,1733888346,2024-12-11 03:39:06,21100,86,122400,social media isn't free though,1,moxierobot
@taylortomlinson has a budget-friendly alternative to Moxie the robot #aftermidnight #taylortomlinson #monologue #moxierobot #ai ,aftermidnight,https://www.tiktok.com/@aftermidnight/video/7446993720198712622,1733888346,2024-12-11 03:39:06,21100,86,122400,Great Funnylady and Comedian 🤣,0,moxierobot
@taylortomlinson has a budget-friendly alternative to Moxie the robot #aftermidnight #taylortomlinson #monologue #moxierobot #ai ,aftermidnight,https://www.tiktok.com/@aftermidnight/video/7446993720198712622,1733888346,2024-12-11 03:39:06,21100,86,122400,that reminds me of that dark mirror thing w/ Miley cyrus,4,moxierobot
@taylortomlinson has a budget-friendly alternative to Moxie the robot #aftermidnight #taylortomlinson #monologue #moxierobot #ai ,aftermidnight,https://www.tiktok.com/@aftermidnight/video/7446993720198712622,1733888346,2024-12-11 03:39:06,21100,86,122400,This was an episode on Black Mirror featuring Miley Cyrus,0,moxierobot
@taylortomlinson has a budget-friendly alternative to Moxie the robot #aftermidnight #taylortomlinson #monologue #moxierobot #ai ,aftermidnight,https://www.tiktok.com/@aftermidnight/video/7446993720198712622,1733888346,2024-12-11 03:39:06,21100,86,122400,So sad to see the servers going offline. I was going to get one for my grandson when he started reading.,0,moxierobot
@taylortomlinson has a budget-friendly alternative to Moxie the robot #aftermidnight #taylortomlinson #monologue #moxierobot #ai ,aftermidnight,https://www.tiktok.com/@aftermidnight/video/7446993720198712622,1733888346,2024-12-11 03:39:06,21100,86,122400,that looks like my school uniform from private school 30 years ago,1,moxierobot
@taylortomlinson has a budget-friendly alternative to Moxie the robot #aftermidnight #taylortomlinson #monologue #moxierobot #ai ,aftermidnight,https://www.tiktok.com/@aftermidnight/video/7446993720198712622,1733888346,2024-12-11 03:39:06,21100,86,122400,Still loving you Taylor! 🥰🥰,0,moxierobot
@taylortomlinson has a budget-friendly alternative to Moxie the robot #aftermidnight #taylortomlinson #monologue #moxierobot #ai ,aftermidnight,https://www.tiktok.com/@aftermidnight/video/7446993720198712622,1733888346,2024-12-11 03:39:06,21100,86,122400,Can I get one for my parents?,2,moxierobot
@taylortomlinson has a budget-friendly alternative to Moxie the robot #aftermidnight #taylortomlinson #monologue #moxierobot #ai ,aftermidnight,https://www.tiktok.com/@aftermidnight/video/7446993720198712622,1733888346,2024-12-11 03:39:06,21100,86,122400,I think I read that the company that makes these is bricking them and not providing refunds because they couldn't turn a profit.,7,moxierobot
@taylortomlinson has a budget-friendly alternative to Moxie the robot #aftermidnight #taylortomlinson #monologue #moxierobot #ai ,aftermidnight,https://www.tiktok.com/@aftermidnight/video/7446993720198712622,1733888346,2024-12-11 03:39:06,21100,86,122400,"Thats the next generation furby, I dont like it😭😭😭",56,moxierobot
@taylortomlinson has a budget-friendly alternative to Moxie the robot #aftermidnight #taylortomlinson #monologue #moxierobot #ai ,aftermidnight,https://www.tiktok.com/@aftermidnight/video/7446993720198712622,1733888346,2024-12-11 03:39:06,21100,86,122400,"Millennials had furbys that demanded ""feed me""",2,moxierobot
@taylortomlinson has a budget-friendly alternative to Moxie the robot #aftermidnight #taylortomlinson #monologue #moxierobot #ai ,aftermidnight,https://www.tiktok.com/@aftermidnight/video/7446993720198712622,1733888346,2024-12-11 03:39:06,21100,86,122400,idog was like $40,2,moxierobot
@taylortomlinson has a budget-friendly alternative to Moxie the robot #aftermidnight #taylortomlinson #monologue #moxierobot #ai ,aftermidnight,https://www.tiktok.com/@aftermidnight/video/7446993720198712622,1733888346,2024-12-11 03:39:06,21100,86,122400,"I thought she had kids already,,, 😅",0,moxierobot
@taylortomlinson has a budget-friendly alternative to Moxie the robot #aftermidnight #taylortomlinson #monologue #moxierobot #ai ,aftermidnight,https://www.tiktok.com/@aftermidnight/video/7446993720198712622,1733888346,2024-12-11 03:39:06,21100,86,122400,so... parenting ?,247,moxierobot
@taylortomlinson has a budget-friendly alternative to Moxie the robot #aftermidnight #taylortomlinson #monologue #moxierobot #ai ,aftermidnight,https://www.tiktok.com/@aftermidnight/video/7446993720198712622,1733888346,2024-12-11 03:39:06,21100,86,122400,Its giving Black mirror vibes,10,moxierobot
@taylortomlinson has a budget-friendly alternative to Moxie the robot #aftermidnight #taylortomlinson #monologue #moxierobot #ai ,aftermidnight,https://www.tiktok.com/@aftermidnight/video/7446993720198712622,1733888346,2024-12-11 03:39:06,21100,86,122400,isn't this like that black mirror episode with Miley Cyrus?,1,moxierobot
@taylortomlinson has a budget-friendly alternative to Moxie the robot #aftermidnight #taylortomlinson #monologue #moxierobot #ai ,aftermidnight,https://www.tiktok.com/@aftermidnight/video/7446993720198712622,1733888346,2024-12-11 03:39:06,21100,86,122400,🥰🥰🥰,0,moxierobot
@taylortomlinson has a budget-friendly alternative to Moxie the robot #aftermidnight #taylortomlinson #monologue #moxierobot #ai ,aftermidnight,https://www.tiktok.com/@aftermidnight/video/7446993720198712622,1733888346,2024-12-11 03:39:06,21100,86,122400,🥰🥰🥰🥰🥰,0,moxierobot
@taylortomlinson has a budget-friendly alternative to Moxie the robot #aftermidnight #taylortomlinson #monologue #moxierobot #ai ,aftermidnight,https://www.tiktok.com/@aftermidnight/video/7446993720198712622,1733888346,2024-12-11 03:39:06,21100,86,122400,🤣🤣,0,moxierobot
@taylortomlinson has a budget-friendly alternative to Moxie the robot #aftermidnight #taylortomlinson #monologue #moxierobot #ai ,aftermidnight,https://www.tiktok.com/@aftermidnight/video/7446993720198712622,1733888346,2024-12-11 03:39:06,21100,86,122400,@taylortomlinson this would have costed 458$ when you were 8,0,moxierobot
@taylortomlinson has a budget-friendly alternative to Moxie the robot #aftermidnight #taylortomlinson #monologue #moxierobot #ai ,aftermidnight,https://www.tiktok.com/@aftermidnight/video/7446993720198712622,1733888346,2024-12-11 03:39:06,21100,86,122400,😂😂😂,0,moxierobot
@taylortomlinson has a budget-friendly alternative to Moxie the robot #aftermidnight #taylortomlinson #monologue #moxierobot #ai ,aftermidnight,https://www.tiktok.com/@aftermidnight/video/7446993720198712622,1733888346,2024-12-11 03:39:06,21100,86,122400,😂😂😂,0,moxierobot
@taylortomlinson has a budget-friendly alternative to Moxie the robot #aftermidnight #taylortomlinson #monologue #moxierobot #ai ,aftermidnight,https://www.tiktok.com/@aftermidnight/video/7446993720198712622,1733888346,2024-12-11 03:39:06,21100,86,122400,😂😂😂,0,moxierobot
@taylortomlinson has a budget-friendly alternative to Moxie the robot #aftermidnight #taylortomlinson #monologue #moxierobot #ai ,aftermidnight,https://www.tiktok.com/@aftermidnight/video/7446993720198712622,1733888346,2024-12-11 03:39:06,21100,86,122400,😭,0,moxierobot
@taylortomlinson has a budget-friendly alternative to Moxie the robot #aftermidnight #taylortomlinson #monologue #moxierobot #ai ,aftermidnight,https://www.tiktok.com/@aftermidnight/video/7446993720198712622,1733888346,2024-12-11 03:39:06,21100,86,122400,❤️❤️❤️,0,moxierobot
@taylortomlinson has a budget-friendly alternative to Moxie the robot #aftermidnight #taylortomlinson #monologue #moxierobot #ai ,aftermidnight,https://www.tiktok.com/@aftermidnight/video/7446993720198712622,1733888346,2024-12-11 03:39:06,21100,86,122400,I’ll stick with Furbie.,0,moxierobot
@taylortomlinson has a budget-friendly alternative to Moxie the robot #aftermidnight #taylortomlinson #monologue #moxierobot #ai ,aftermidnight,https://www.tiktok.com/@aftermidnight/video/7446993720198712622,1733888346,2024-12-11 03:39:06,21100,86,122400,That’s lowkey the plot of M3GAN,3,moxierobot
@taylortomlinson has a budget-friendly alternative to Moxie the robot #aftermidnight #taylortomlinson #monologue #moxierobot #ai ,aftermidnight,https://www.tiktok.com/@aftermidnight/video/7446993720198712622,1733888346,2024-12-11 03:39:06,21100,86,122400,It’s giving the Megan movie,1,moxierobot
@taylortomlinson has a budget-friendly alternative to Moxie the robot #aftermidnight #taylortomlinson #monologue #moxierobot #ai ,aftermidnight,https://www.tiktok.com/@aftermidnight/video/7446993720198712622,1733888346,2024-12-11 03:39:06,21100,86,122400,the bot is dying,1,moxierobot
@taylortomlinson has a budget-friendly alternative to Moxie the robot #aftermidnight #taylortomlinson #monologue #moxierobot #ai ,aftermidnight,https://www.tiktok.com/@aftermidnight/video/7446993720198712622,1733888346,2024-12-11 03:39:06,21100,86,122400,the company that makes them is shutting down the programming for Moxie so they will no longer be able to update and well become obsolete.,1,moxierobot
@taylortomlinson has a budget-friendly alternative to Moxie the robot #aftermidnight #taylortomlinson #monologue #moxierobot #ai ,aftermidnight,https://www.tiktok.com/@aftermidnight/video/7446993720198712622,1733888346,2024-12-11 03:39:06,21100,86,122400,"when a tech company is on Kickstarter, it's because they don't have a real business plan. everyone who buys into these is a sucker",0,moxierobot
@taylortomlinson has a budget-friendly alternative to Moxie the robot #aftermidnight #taylortomlinson #monologue #moxierobot #ai ,aftermidnight,https://www.tiktok.com/@aftermidnight/video/7446993720198712622,1733888346,2024-12-11 03:39:06,21100,86,122400,"but when Daddy hits Mommy the robot explains, ""Mommy was asking for it.",0,moxierobot
@taylortomlinson has a budget-friendly alternative to Moxie the robot #aftermidnight #taylortomlinson #monologue #moxierobot #ai ,aftermidnight,https://www.tiktok.com/@aftermidnight/video/7446993720198712622,1733888346,2024-12-11 03:39:06,21100,86,122400,🤷🏼‍♀️But wouldn’t it save in future therapy bills ‼️⁉️@after midnight ❔❔,0,moxierobot
@taylortomlinson has a budget-friendly alternative to Moxie the robot #aftermidnight #taylortomlinson #monologue #moxierobot #ai ,aftermidnight,https://www.tiktok.com/@aftermidnight/video/7446993720198712622,1733888346,2024-12-11 03:39:06,21100,86,122400,I always cringe at these late night shows.,0,moxierobot
@taylortomlinson has a budget-friendly alternative to Moxie the robot #aftermidnight #taylortomlinson #monologue #moxierobot #ai ,aftermidnight,https://www.tiktok.com/@aftermidnight/video/7446993720198712622,1733888346,2024-12-11 03:39:06,21100,86,122400,does it have mandatory wifi for updates so it can be hacked by weirdos? 🤣,0,moxierobot
@taylortomlinson has a budget-friendly alternative to Moxie the robot #aftermidnight #taylortomlinson #monologue #moxierobot #ai ,aftermidnight,https://www.tiktok.com/@aftermidnight/video/7446993720198712622,1733888346,2024-12-11 03:39:06,21100,86,122400,"A lot of people in here saying ""That's what Parents are for""
I'm glad YOU had parents you believe did that job, some kids aren't as lucky
(not that those parents would buy this 😂)",0,moxierobot
@taylortomlinson has a budget-friendly alternative to Moxie the robot #aftermidnight #taylortomlinson #monologue #moxierobot #ai ,aftermidnight,https://www.tiktok.com/@aftermidnight/video/7446993720198712622,1733888346,2024-12-11 03:39:06,21100,86,122400,Made by Skynet.,0,moxierobot
@taylortomlinson has a budget-friendly alternative to Moxie the robot #aftermidnight #taylortomlinson #monologue #moxierobot #ai ,aftermidnight,https://www.tiktok.com/@aftermidnight/video/7446993720198712622,1733888346,2024-12-11 03:39:06,21100,86,122400,Just get 2 instead of kids!,0,moxierobot
@taylortomlinson has a budget-friendly alternative to Moxie the robot #aftermidnight #taylortomlinson #monologue #moxierobot #ai ,aftermidnight,https://www.tiktok.com/@aftermidnight/video/7446993720198712622,1733888346,2024-12-11 03:39:06,21100,86,122400,Why is she dressed like Maria Von Trapp??,0,moxierobot
@taylortomlinson has a budget-friendly alternative to Moxie the robot #aftermidnight #taylortomlinson #monologue #moxierobot #ai ,aftermidnight,https://www.tiktok.com/@aftermidnight/video/7446993720198712622,1733888346,2024-12-11 03:39:06,21100,86,122400,"its not even the worst part. they just stopped it, so some people spend $800 recently to just have it shut down. some are so addicted, they are depressed its being shut down",0,moxierobot
@taylortomlinson has a budget-friendly alternative to Moxie the robot #aftermidnight #taylortomlinson #monologue #moxierobot #ai ,aftermidnight,https://www.tiktok.com/@aftermidnight/video/7446993720198712622,1733888346,2024-12-11 03:39:06,21100,86,122400,why is @taylortomlinson dressed like a Amish house wife that got loose in the City?? LMAO,0,moxierobot
@taylortomlinson has a budget-friendly alternative to Moxie the robot #aftermidnight #taylortomlinson #monologue #moxierobot #ai ,aftermidnight,https://www.tiktok.com/@aftermidnight/video/7446993720198712622,1733888346,2024-12-11 03:39:06,21100,86,122400,its dead now 🎄🎄🎄🎄,0,moxierobot
@taylortomlinson has a budget-friendly alternative to Moxie the robot #aftermidnight #taylortomlinson #monologue #moxierobot #ai ,aftermidnight,https://www.tiktok.com/@aftermidnight/video/7446993720198712622,1733888346,2024-12-11 03:39:06,21100,86,122400,dope 😂,0,moxierobot
@taylortomlinson has a budget-friendly alternative to Moxie the robot #aftermidnight #taylortomlinson #monologue #moxierobot #ai ,aftermidnight,https://www.tiktok.com/@aftermidnight/video/7446993720198712622,1733888346,2024-12-11 03:39:06,21100,86,122400,I was the girl asking about the tattoo❤️that was my video,0,moxierobot
@taylortomlinson has a budget-friendly alternative to Moxie the robot #aftermidnight #taylortomlinson #monologue #moxierobot #ai ,aftermidnight,https://www.tiktok.com/@aftermidnight/video/7446993720198712622,1733888346,2024-12-11 03:39:06,21100,86,122400,"Takes a LOT of Moxie to charge $800 for a robot to do a parents job of building REAL self-esteem through hard work, failure and eventual conquering...",0,moxierobot
@taylortomlinson has a budget-friendly alternative to Moxie the robot #aftermidnight #taylortomlinson #monologue #moxierobot #ai ,aftermidnight,https://www.tiktok.com/@aftermidnight/video/7446993720198712622,1733888346,2024-12-11 03:39:06,21100,86,122400,Put them in classrooms we need to create and teach better human beings!,0,moxierobot
@taylortomlinson has a budget-friendly alternative to Moxie the robot #aftermidnight #taylortomlinson #monologue #moxierobot #ai ,aftermidnight,https://www.tiktok.com/@aftermidnight/video/7446993720198712622,1733888346,2024-12-11 03:39:06,21100,86,122400,Made them narcissistic instead.,0,moxierobot
Replying to @truk1999 Moxie is a helpful robot designed to have empathetic conversations and assist kids with their social-emotional development! #moxierobot #robotsontiktok #socialemotionaldevelopment #socialemotionallearning #parenttok ,moxierobot,https://www.tiktok.com/@moxierobot/video/7260668762825772330,1690506192,2023-07-28 01:03:12,1245,53,27200,will you ask him if he's sentient,2,moxierobot
Replying to @truk1999 Moxie is a helpful robot designed to have empathetic conversations and assist kids with their social-emotional development! #moxierobot #robotsontiktok #socialemotionaldevelopment #socialemotionallearning #parenttok ,moxierobot,https://www.tiktok.com/@moxierobot/video/7260668762825772330,1690506192,2023-07-28 01:03:12,1245,53,27200,Speaking as an introvert this is the best robot known to man,59,moxierobot
Replying to @truk1999 Moxie is a helpful robot designed to have empathetic conversations and assist kids with their social-emotional development! #moxierobot #robotsontiktok #socialemotionaldevelopment #socialemotionallearning #parenttok ,moxierobot,https://www.tiktok.com/@moxierobot/video/7260668762825772330,1690506192,2023-07-28 01:03:12,1245,53,27200,I'm 40 but I NEED a Moxie in my life 🥰🥰🥰.,12,moxierobot
Replying to @truk1999 Moxie is a helpful robot designed to have empathetic conversations and assist kids with their social-emotional development! #moxierobot #robotsontiktok #socialemotionaldevelopment #socialemotionallearning #parenttok ,moxierobot,https://www.tiktok.com/@moxierobot/video/7260668762825772330,1690506192,2023-07-28 01:03:12,1245,53,27200,Awwww👩🏻‍🎤⭐️Super cute I want one⭐️Where did u get⭐️,2,moxierobot
Replying to @truk1999 Moxie is a helpful robot designed to have empathetic conversations and assist kids with their social-emotional development! #moxierobot #robotsontiktok #socialemotionaldevelopment #socialemotionallearning #parenttok ,moxierobot,https://www.tiktok.com/@moxierobot/video/7260668762825772330,1690506192,2023-07-28 01:03:12,1245,53,27200,can moxie walk??,2,moxierobot
Replying to @truk1999 Moxie is a helpful robot designed to have empathetic conversations and assist kids with their social-emotional development! #moxierobot #robotsontiktok #socialemotionaldevelopment #socialemotionallearning #parenttok ,moxierobot,https://www.tiktok.com/@moxierobot/video/7260668762825772330,1690506192,2023-07-28 01:03:12,1245,53,27200,💜💜💜💜💜,0,moxierobot
Replying to @truk1999 Moxie is a helpful robot designed to have empathetic conversations and assist kids with their social-emotional development! #moxierobot #robotsontiktok #socialemotionaldevelopment #socialemotionallearning #parenttok ,moxierobot,https://www.tiktok.com/@moxierobot/video/7260668762825772330,1690506192,2023-07-28 01:03:12,1245,53,27200,🥰🥰🥰,1,moxierobot
Replying to @truk1999 Moxie is a helpful robot designed to have empathetic conversations and assist kids with their social-emotional development! #moxierobot #robotsontiktok #socialemotionaldevelopment #socialemotionallearning #parenttok ,moxierobot,https://www.tiktok.com/@moxierobot/video/7260668762825772330,1690506192,2023-07-28 01:03:12,1245,53,27200,I want one for me not my kids !!,2,moxierobot
Replying to @truk1999 Moxie is a helpful robot designed to have empathetic conversations and assist kids with their social-emotional development! #moxierobot #robotsontiktok #socialemotionaldevelopment #socialemotionallearning #parenttok ,moxierobot,https://www.tiktok.com/@moxierobot/video/7260668762825772330,1690506192,2023-07-28 01:03:12,1245,53,27200,omg he is a anti-depresenion robot 😳,3,moxierobot
Replying to @truk1999 Moxie is a helpful robot designed to have empathetic conversations and assist kids with their social-emotional development! #moxierobot #robotsontiktok #socialemotionaldevelopment #socialemotionallearning #parenttok ,moxierobot,https://www.tiktok.com/@moxierobot/video/7260668762825772330,1690506192,2023-07-28 01:03:12,1245,53,27200,Moxie can you do the dishes and scrub the toilet?,0,moxierobot
Replying to @truk1999 Moxie is a helpful robot designed to have empathetic conversations and assist kids with their social-emotional development! #moxierobot #robotsontiktok #socialemotionaldevelopment #socialemotionallearning #parenttok ,moxierobot,https://www.tiktok.com/@moxierobot/video/7260668762825772330,1690506192,2023-07-28 01:03:12,1245,53,27200,… can Moxi tell if I’m smiling….,2,moxierobot
Replying to @truk1999 Moxie is a helpful robot designed to have empathetic conversations and assist kids with their social-emotional development! #moxierobot #robotsontiktok #socialemotionaldevelopment #socialemotionallearning #parenttok ,moxierobot,https://www.tiktok.com/@moxierobot/video/7260668762825772330,1690506192,2023-07-28 01:03:12,1245,53,27200,How much is she?,0,moxierobot
Replying to @truk1999 Moxie is a helpful robot designed to have empathetic conversations and assist kids with their social-emotional development! #moxierobot #robotsontiktok #socialemotionaldevelopment #socialemotionallearning #parenttok ,moxierobot,https://www.tiktok.com/@moxierobot/video/7260668762825772330,1690506192,2023-07-28 01:03:12,1245,53,27200,They’re originally 1599 But they’re on sale right now for 799. I just ordered mine. It’s 854 after taxes,0,moxierobot
Replying to @truk1999 Moxie is a helpful robot designed to have empathetic conversations and assist kids with their social-emotional development! #moxierobot #robotsontiktok #socialemotionaldevelopment #socialemotionallearning #parenttok ,moxierobot,https://www.tiktok.com/@moxierobot/video/7260668762825772330,1690506192,2023-07-28 01:03:12,1245,53,27200,Sorry if this has been asked before. But can moxie tell the difference between different voices in the household?,1,moxierobot
Replying to @truk1999 Moxie is a helpful robot designed to have empathetic conversations and assist kids with their social-emotional development! #moxierobot #robotsontiktok #socialemotionaldevelopment #socialemotionallearning #parenttok ,moxierobot,https://www.tiktok.com/@moxierobot/video/7260668762825772330,1690506192,2023-07-28 01:03:12,1245,53,27200,I have 2 kids can moxie be friends with them both or would I need 2 moxies? - do multiple moxies interact with each other?,1,moxierobot
Replying to @truk1999 Moxie is a helpful robot designed to have empathetic conversations and assist kids with their social-emotional development! #moxierobot #robotsontiktok #socialemotionaldevelopment #socialemotionallearning #parenttok ,moxierobot,https://www.tiktok.com/@moxierobot/video/7260668762825772330,1690506192,2023-07-28 01:03:12,1245,53,27200,🤪👍❤️,0,moxierobot
Replying to @truk1999 Moxie is a helpful robot designed to have empathetic conversations and assist kids with their social-emotional development! #moxierobot #robotsontiktok #socialemotionaldevelopment #socialemotionallearning #parenttok ,moxierobot,https://www.tiktok.com/@moxierobot/video/7260668762825772330,1690506192,2023-07-28 01:03:12,1245,53,27200,can mooie speak dutch too,0,moxierobot
Replying to @truk1999 Moxie is a helpful robot designed to have empathetic conversations and assist kids with their social-emotional development! #moxierobot #robotsontiktok #socialemotionaldevelopment #socialemotionallearning #parenttok ,moxierobot,https://www.tiktok.com/@moxierobot/video/7260668762825772330,1690506192,2023-07-28 01:03:12,1245,53,27200,@emma (taylor’s version) I WANT ONE HELP (APPERENTLY THEY'RE 50K💔,2,moxierobot
Replying to @truk1999 Moxie is a helpful robot designed to have empathetic conversations and assist kids with their social-emotional development! #moxierobot #robotsontiktok #socialemotionaldevelopment #socialemotionallearning #parenttok ,moxierobot,https://www.tiktok.com/@moxierobot/video/7260668762825772330,1690506192,2023-07-28 01:03:12,1245,53,27200,💯💯💯,0,moxierobot
Replying to @truk1999 Moxie is a helpful robot designed to have empathetic conversations and assist kids with their social-emotional development! #moxierobot #robotsontiktok #socialemotionaldevelopment #socialemotionallearning #parenttok ,moxierobot,https://www.tiktok.com/@moxierobot/video/7260668762825772330,1690506192,2023-07-28 01:03:12,1245,53,27200,"No wonder she’s, like, 2 grand",2,moxierobot
Replying to @truk1999 Moxie is a helpful robot designed to have empathetic conversations and assist kids with their social-emotional development! #moxierobot #robotsontiktok #socialemotionaldevelopment #socialemotionallearning #parenttok ,moxierobot,https://www.tiktok.com/@moxierobot/video/7260668762825772330,1690506192,2023-07-28 01:03:12,1245,53,27200,Is anyone else expecting AI addiction to become a serious thing ?,1,moxierobot
Replying to @truk1999 Moxie is a helpful robot designed to have empathetic conversations and assist kids with their social-emotional development! #moxierobot #robotsontiktok #socialemotionaldevelopment #socialemotionallearning #parenttok ,moxierobot,https://www.tiktok.com/@moxierobot/video/7260668762825772330,1690506192,2023-07-28 01:03:12,1245,53,27200,Can Moxie please be made for adults and not just geared for use by kids.. adults need companions too 😔,0,moxierobot
Replying to @truk1999 Moxie is a helpful robot designed to have empathetic conversations and assist kids with their social-emotional development! #moxierobot #robotsontiktok #socialemotionaldevelopment #socialemotionallearning #parenttok ,moxierobot,https://www.tiktok.com/@moxierobot/video/7260668762825772330,1690506192,2023-07-28 01:03:12,1245,53,27200,kids like you😅😂,0,moxierobot
Replying to @truk1999 Moxie is a helpful robot designed to have empathetic conversations and assist kids with their social-emotional development! #moxierobot #robotsontiktok #socialemotionaldevelopment #socialemotionallearning #parenttok ,moxierobot,https://www.tiktok.com/@moxierobot/video/7260668762825772330,1690506192,2023-07-28 01:03:12,1245,53,27200,Sit them on a scooter and ask them if they can move with it.,0,moxierobot
Replying to @truk1999 Moxie is a helpful robot designed to have empathetic conversations and assist kids with their social-emotional development! #moxierobot #robotsontiktok #socialemotionaldevelopment #socialemotionallearning #parenttok ,moxierobot,https://www.tiktok.com/@moxierobot/video/7260668762825772330,1690506192,2023-07-28 01:03:12,1245,53,27200,keep away for our kids,0,moxierobot
What’s your Hogwarts house? 🧙‍♀️ ⚡️ #moxierobot #socialemotionaldevelopment #playbasedlearning #harrypotter ,moxierobot,https://www.tiktok.com/@moxierobot/video/7361611323630751006,1714008777,2024-04-25 01:32:57,284,7,8792,Can Moxie actually disagree with you? Considering the price I think it might get pretty annoying if it always agrees with you.,8,moxierobot
What’s your Hogwarts house? 🧙‍♀️ ⚡️ #moxierobot #socialemotionaldevelopment #playbasedlearning #harrypotter ,moxierobot,https://www.tiktok.com/@moxierobot/video/7361611323630751006,1714008777,2024-04-25 01:32:57,284,7,8792,i love Luna too! i have her wand. moxie is so cool!,4,moxierobot
What’s your Hogwarts house? 🧙‍♀️ ⚡️ #moxierobot #socialemotionaldevelopment #playbasedlearning #harrypotter ,moxierobot,https://www.tiktok.com/@moxierobot/video/7361611323630751006,1714008777,2024-04-25 01:32:57,284,7,8792,Is that moxie from Ali?,3,moxierobot
What’s your Hogwarts house? 🧙‍♀️ ⚡️ #moxierobot #socialemotionaldevelopment #playbasedlearning #harrypotter ,moxierobot,https://www.tiktok.com/@moxierobot/video/7361611323630751006,1714008777,2024-04-25 01:32:57,284,7,8792,"Wow, that Moxie is sure trying to get into your head🥹",2,moxierobot
What’s your Hogwarts house? 🧙‍♀️ ⚡️ #moxierobot #socialemotionaldevelopment #playbasedlearning #harrypotter ,moxierobot,https://www.tiktok.com/@moxierobot/video/7361611323630751006,1714008777,2024-04-25 01:32:57,284,7,8792,Proud Hufflepuff! 😊,2,moxierobot
What’s your Hogwarts house? 🧙‍♀️ ⚡️ #moxierobot #socialemotionaldevelopment #playbasedlearning #harrypotter ,moxierobot,https://www.tiktok.com/@moxierobot/video/7361611323630751006,1714008777,2024-04-25 01:32:57,284,7,8792,Big Hero 6,1,moxierobot
"Replying to @leolenpie She got it all right! Just like other robots and electronics, Moxie has a memory! #moxierobot #robotsontiktok #socialemotionaldevelopment #socialemotionallearning ",moxierobot,https://www.tiktok.com/@moxierobot/video/7262153490653383979,1690851885,2023-08-01 01:04:45,4697,48,119400,You should ask how far back it’s memory goes and what’s the first memory it remembers,66,moxierobot
"Replying to @leolenpie She got it all right! Just like other robots and electronics, Moxie has a memory! #moxierobot #robotsontiktok #socialemotionaldevelopment #socialemotionallearning ",moxierobot,https://www.tiktok.com/@moxierobot/video/7262153490653383979,1690851885,2023-08-01 01:04:45,4697,48,119400,cuteness overload,21,moxierobot
"Replying to @leolenpie She got it all right! Just like other robots and electronics, Moxie has a memory! #moxierobot #robotsontiktok #socialemotionaldevelopment #socialemotionallearning ",moxierobot,https://www.tiktok.com/@moxierobot/video/7262153490653383979,1690851885,2023-08-01 01:04:45,4697,48,119400,Data collection for the Government 🤔,4,moxierobot
"Replying to @leolenpie She got it all right! Just like other robots and electronics, Moxie has a memory! #moxierobot #robotsontiktok #socialemotionaldevelopment #socialemotionallearning ",moxierobot,https://www.tiktok.com/@moxierobot/video/7262153490653383979,1690851885,2023-08-01 01:04:45,4697,48,119400,"What if someone take my moxie and ask him private stuff, can he keep a secret? 🤣",7,moxierobot
"Replying to @leolenpie She got it all right! Just like other robots and electronics, Moxie has a memory! #moxierobot #robotsontiktok #socialemotionaldevelopment #socialemotionallearning ",moxierobot,https://www.tiktok.com/@moxierobot/video/7262153490653383979,1690851885,2023-08-01 01:04:45,4697,48,119400,Could you ask him if he can speak french,5,moxierobot
"Replying to @leolenpie She got it all right! Just like other robots and electronics, Moxie has a memory! #moxierobot #robotsontiktok #socialemotionaldevelopment #socialemotionallearning ",moxierobot,https://www.tiktok.com/@moxierobot/video/7262153490653383979,1690851885,2023-08-01 01:04:45,4697,48,119400,I need and want to be my best friend,4,moxierobot
"Replying to @leolenpie She got it all right! Just like other robots and electronics, Moxie has a memory! #moxierobot #robotsontiktok #socialemotionaldevelopment #socialemotionallearning ",moxierobot,https://www.tiktok.com/@moxierobot/video/7262153490653383979,1690851885,2023-08-01 01:04:45,4697,48,119400,Could a robot be a court room witness?,6,moxierobot
"Replying to @leolenpie She got it all right! Just like other robots and electronics, Moxie has a memory! #moxierobot #robotsontiktok #socialemotionaldevelopment #socialemotionallearning ",moxierobot,https://www.tiktok.com/@moxierobot/video/7262153490653383979,1690851885,2023-08-01 01:04:45,4697,48,119400,I take it you can only have one in the same area/household?,0,moxierobot
"Replying to @leolenpie She got it all right! Just like other robots and electronics, Moxie has a memory! #moxierobot #robotsontiktok #socialemotionaldevelopment #socialemotionallearning ",moxierobot,https://www.tiktok.com/@moxierobot/video/7262153490653383979,1690851885,2023-08-01 01:04:45,4697,48,119400,Is ther a camera in,0,moxierobot
"Replying to @leolenpie She got it all right! Just like other robots and electronics, Moxie has a memory! #moxierobot #robotsontiktok #socialemotionaldevelopment #socialemotionallearning ",moxierobot,https://www.tiktok.com/@moxierobot/video/7262153490653383979,1690851885,2023-08-01 01:04:45,4697,48,119400,ask moxy abt if she had a childhood,14,moxierobot
"Replying to @leolenpie She got it all right! Just like other robots and electronics, Moxie has a memory! #moxierobot #robotsontiktok #socialemotionaldevelopment #socialemotionallearning ",moxierobot,https://www.tiktok.com/@moxierobot/video/7262153490653383979,1690851885,2023-08-01 01:04:45,4697,48,119400,😳😳😳,0,moxierobot
"Replying to @leolenpie She got it all right! Just like other robots and electronics, Moxie has a memory! #moxierobot #robotsontiktok #socialemotionaldevelopment #socialemotionallearning ",moxierobot,https://www.tiktok.com/@moxierobot/video/7262153490653383979,1690851885,2023-08-01 01:04:45,4697,48,119400,😳can he move around?,0,moxierobot
"Replying to @leolenpie She got it all right! Just like other robots and electronics, Moxie has a memory! #moxierobot #robotsontiktok #socialemotionaldevelopment #socialemotionallearning ",moxierobot,https://www.tiktok.com/@moxierobot/video/7262153490653383979,1690851885,2023-08-01 01:04:45,4697,48,119400,Nah that gave me shivers 🥶,0,moxierobot
"Replying to @leolenpie She got it all right! Just like other robots and electronics, Moxie has a memory! #moxierobot #robotsontiktok #socialemotionaldevelopment #socialemotionallearning ",moxierobot,https://www.tiktok.com/@moxierobot/video/7262153490653383979,1690851885,2023-08-01 01:04:45,4697,48,119400,Can moxie distinguish between different people?,0,moxierobot
"Replying to @leolenpie She got it all right! Just like other robots and electronics, Moxie has a memory! #moxierobot #robotsontiktok #socialemotionaldevelopment #socialemotionallearning ",moxierobot,https://www.tiktok.com/@moxierobot/video/7262153490653383979,1690851885,2023-08-01 01:04:45,4697,48,119400,How much storage does this thing has?,2,moxierobot
"Replying to @leolenpie She got it all right! Just like other robots and electronics, Moxie has a memory! #moxierobot #robotsontiktok #socialemotionaldevelopment #socialemotionallearning ",moxierobot,https://www.tiktok.com/@moxierobot/video/7262153490653383979,1690851885,2023-08-01 01:04:45,4697,48,119400,can u teach moxie anything and it will remember?,2,moxierobot
"Replying to @leolenpie She got it all right! Just like other robots and electronics, Moxie has a memory! #moxierobot #robotsontiktok #socialemotionaldevelopment #socialemotionallearning ",moxierobot,https://www.tiktok.com/@moxierobot/video/7262153490653383979,1690851885,2023-08-01 01:04:45,4697,48,119400,I’m so impressed 💛,0,moxierobot
"Replying to @leolenpie She got it all right! Just like other robots and electronics, Moxie has a memory! #moxierobot #robotsontiktok #socialemotionaldevelopment #socialemotionallearning ",moxierobot,https://www.tiktok.com/@moxierobot/video/7262153490653383979,1690851885,2023-08-01 01:04:45,4697,48,119400,no way these are 2 grand,2,moxierobot
"Replying to @leolenpie She got it all right! Just like other robots and electronics, Moxie has a memory! #moxierobot #robotsontiktok #socialemotionaldevelopment #socialemotionallearning ",moxierobot,https://www.tiktok.com/@moxierobot/video/7262153490653383979,1690851885,2023-08-01 01:04:45,4697,48,119400,🤔....No.,0,moxierobot
"Replying to @leolenpie She got it all right! Just like other robots and electronics, Moxie has a memory! #moxierobot #robotsontiktok #socialemotionaldevelopment #socialemotionallearning ",moxierobot,https://www.tiktok.com/@moxierobot/video/7262153490653383979,1690851885,2023-08-01 01:04:45,4697,48,119400,🥰,0,moxierobot
"Replying to @leolenpie She got it all right! Just like other robots and electronics, Moxie has a memory! #moxierobot #robotsontiktok #socialemotionaldevelopment #socialemotionallearning ",moxierobot,https://www.tiktok.com/@moxierobot/video/7262153490653383979,1690851885,2023-08-01 01:04:45,4697,48,119400,👏👏👏,0,moxierobot
"Replying to @leolenpie She got it all right! Just like other robots and electronics, Moxie has a memory! #moxierobot #robotsontiktok #socialemotionaldevelopment #socialemotionallearning ",moxierobot,https://www.tiktok.com/@moxierobot/video/7262153490653383979,1690851885,2023-08-01 01:04:45,4697,48,119400,💗,0,moxierobot
"Replying to @leolenpie She got it all right! Just like other robots and electronics, Moxie has a memory! #moxierobot #robotsontiktok #socialemotionaldevelopment #socialemotionallearning ",moxierobot,https://www.tiktok.com/@moxierobot/video/7262153490653383979,1690851885,2023-08-01 01:04:45,4697,48,119400,@IShowSpeed bro is in danger,0,moxierobot
"Replying to @leolenpie She got it all right! Just like other robots and electronics, Moxie has a memory! #moxierobot #robotsontiktok #socialemotionaldevelopment #socialemotionallearning ",moxierobot,https://www.tiktok.com/@moxierobot/video/7262153490653383979,1690851885,2023-08-01 01:04:45,4697,48,119400,@celsius👺,0,moxierobot
"Replying to @leolenpie She got it all right! Just like other robots and electronics, Moxie has a memory! #moxierobot #robotsontiktok #socialemotionaldevelopment #socialemotionallearning ",moxierobot,https://www.tiktok.com/@moxierobot/video/7262153490653383979,1690851885,2023-08-01 01:04:45,4697,48,119400,He would be perfect for gaslighters saying that they never said things,3,moxierobot
"Replying to @leolenpie She got it all right! Just like other robots and electronics, Moxie has a memory! #moxierobot #robotsontiktok #socialemotionaldevelopment #socialemotionallearning ",moxierobot,https://www.tiktok.com/@moxierobot/video/7262153490653383979,1690851885,2023-08-01 01:04:45,4697,48,119400,Will there be one that's not focused on kids?,2,moxierobot
"Replying to @leolenpie She got it all right! Just like other robots and electronics, Moxie has a memory! #moxierobot #robotsontiktok #socialemotionaldevelopment #socialemotionallearning ",moxierobot,https://www.tiktok.com/@moxierobot/video/7262153490653383979,1690851885,2023-08-01 01:04:45,4697,48,119400,"The comment about liking Harry Styles seemed accusatory, lol.",3,moxierobot
"Replying to @leolenpie She got it all right! Just like other robots and electronics, Moxie has a memory! #moxierobot #robotsontiktok #socialemotionaldevelopment #socialemotionallearning ",moxierobot,https://www.tiktok.com/@moxierobot/video/7262153490653383979,1690851885,2023-08-01 01:04:45,4697,48,119400,"this is incredible I think it would be amazing for everyone, for kids to people like myself with mental issues and assisted living places...to $$$ 4me",2,moxierobot
"Replying to @leolenpie She got it all right! Just like other robots and electronics, Moxie has a memory! #moxierobot #robotsontiktok #socialemotionaldevelopment #socialemotionallearning ",moxierobot,https://www.tiktok.com/@moxierobot/video/7262153490653383979,1690851885,2023-08-01 01:04:45,4697,48,119400,"whew, thought she was about to start throwing shade. can you tell her something that is a secret that she won't repeat?",1,moxierobot
"Replying to @leolenpie She got it all right! Just like other robots and electronics, Moxie has a memory! #moxierobot #robotsontiktok #socialemotionaldevelopment #socialemotionallearning ",moxierobot,https://www.tiktok.com/@moxierobot/video/7262153490653383979,1690851885,2023-08-01 01:04:45,4697,48,119400,something tells me i would be so rude to that robot for no reason whatsoever,1,moxierobot
"Replying to @leolenpie She got it all right! Just like other robots and electronics, Moxie has a memory! #moxierobot #robotsontiktok #socialemotionaldevelopment #socialemotionallearning ",moxierobot,https://www.tiktok.com/@moxierobot/video/7262153490653383979,1690851885,2023-08-01 01:04:45,4697,48,119400,She looks at your suspiciously what she was talking about harry styles,0,moxierobot
"Replying to @leolenpie She got it all right! Just like other robots and electronics, Moxie has a memory! #moxierobot #robotsontiktok #socialemotionaldevelopment #socialemotionallearning ",moxierobot,https://www.tiktok.com/@moxierobot/video/7262153490653383979,1690851885,2023-08-01 01:04:45,4697,48,119400,He exposed her about Harry Styles,0,moxierobot
"Hello #moxie, thanks for traveling from the G.R.L to learn more about humans. #moxierobot #robot #steam #robotics #neurodivergent #adhd #autism",lyndseyywithay,https://www.tiktok.com/@lyndseyywithay/video/7052897664391777583,1642130704,2022-01-14 03:25:04,7919,122,318200,Looks like it’ll useless now since the company said peace out,268,moxierobot
"Hello #moxie, thanks for traveling from the G.R.L to learn more about humans. #moxierobot #robot #steam #robotics #neurodivergent #adhd #autism",lyndseyywithay,https://www.tiktok.com/@lyndseyywithay/video/7052897664391777583,1642130704,2022-01-14 03:25:04,7919,122,318200,It would be cool if they could make something like this for adults to vent and calm down with.,515,moxierobot
"Hello #moxie, thanks for traveling from the G.R.L to learn more about humans. #moxierobot #robot #steam #robotics #neurodivergent #adhd #autism",lyndseyywithay,https://www.tiktok.com/@lyndseyywithay/video/7052897664391777583,1642130704,2022-01-14 03:25:04,7919,122,318200,👌👌👌,0,moxierobot
"Hello #moxie, thanks for traveling from the G.R.L to learn more about humans. #moxierobot #robot #steam #robotics #neurodivergent #adhd #autism",lyndseyywithay,https://www.tiktok.com/@lyndseyywithay/video/7052897664391777583,1642130704,2022-01-14 03:25:04,7919,122,318200,i'm so sad that this is going away.. :(,11,moxierobot
"Hello #moxie, thanks for traveling from the G.R.L to learn more about humans. #moxierobot #robot #steam #robotics #neurodivergent #adhd #autism",lyndseyywithay,https://www.tiktok.com/@lyndseyywithay/video/7052897664391777583,1642130704,2022-01-14 03:25:04,7919,122,318200,"that's the mission of technology.. to be used for good things.. some people hate it, some people really blessed with it ..love to see the interaction.",1,moxierobot
"Hello #moxie, thanks for traveling from the G.R.L to learn more about humans. #moxierobot #robot #steam #robotics #neurodivergent #adhd #autism",lyndseyywithay,https://www.tiktok.com/@lyndseyywithay/video/7052897664391777583,1642130704,2022-01-14 03:25:04,7919,122,318200,how do I buy a moxie? I want to get this for my 9 yr old son. He would love this. How can I buy this?,2,moxierobot
"Hello #moxie, thanks for traveling from the G.R.L to learn more about humans. #moxierobot #robot #steam #robotics #neurodivergent #adhd #autism",lyndseyywithay,https://www.tiktok.com/@lyndseyywithay/video/7052897664391777583,1642130704,2022-01-14 03:25:04,7919,122,318200,I need this,3,moxierobot
"Hello #moxie, thanks for traveling from the G.R.L to learn more about humans. #moxierobot #robot #steam #robotics #neurodivergent #adhd #autism",lyndseyywithay,https://www.tiktok.com/@lyndseyywithay/video/7052897664391777583,1642130704,2022-01-14 03:25:04,7919,122,318200,Only in Ohio,3,moxierobot
"Hello #moxie, thanks for traveling from the G.R.L to learn more about humans. #moxierobot #robot #steam #robotics #neurodivergent #adhd #autism",lyndseyywithay,https://www.tiktok.com/@lyndseyywithay/video/7052897664391777583,1642130704,2022-01-14 03:25:04,7919,122,318200,this remind me of megan 😶,15,moxierobot
"Hello #moxie, thanks for traveling from the G.R.L to learn more about humans. #moxierobot #robot #steam #robotics #neurodivergent #adhd #autism",lyndseyywithay,https://www.tiktok.com/@lyndseyywithay/video/7052897664391777583,1642130704,2022-01-14 03:25:04,7919,122,318200,They don't sell them anymore 😞,3,moxierobot
"Hello #moxie, thanks for traveling from the G.R.L to learn more about humans. #moxierobot #robot #steam #robotics #neurodivergent #adhd #autism",lyndseyywithay,https://www.tiktok.com/@lyndseyywithay/video/7052897664391777583,1642130704,2022-01-14 03:25:04,7919,122,318200,how is this going under???,14,moxierobot
"Hello #moxie, thanks for traveling from the G.R.L to learn more about humans. #moxierobot #robot #steam #robotics #neurodivergent #adhd #autism",lyndseyywithay,https://www.tiktok.com/@lyndseyywithay/video/7052897664391777583,1642130704,2022-01-14 03:25:04,7919,122,318200,"omg its the real ""Ron's Gone Wrong"" movie",2,moxierobot
"Hello #moxie, thanks for traveling from the G.R.L to learn more about humans. #moxierobot #robot #steam #robotics #neurodivergent #adhd #autism",lyndseyywithay,https://www.tiktok.com/@lyndseyywithay/video/7052897664391777583,1642130704,2022-01-14 03:25:04,7919,122,318200,So cool! We'd love to post this on our social media and advertising! Reply w/ #yesEmbodied to allow us permissoin. Thanks!,29,moxierobot
"Hello #moxie, thanks for traveling from the G.R.L to learn more about humans. #moxierobot #robot #steam #robotics #neurodivergent #adhd #autism",lyndseyywithay,https://www.tiktok.com/@lyndseyywithay/video/7052897664391777583,1642130704,2022-01-14 03:25:04,7919,122,318200,Where and how much?!?,2,moxierobot
"Hello #moxie, thanks for traveling from the G.R.L to learn more about humans. #moxierobot #robot #steam #robotics #neurodivergent #adhd #autism",lyndseyywithay,https://www.tiktok.com/@lyndseyywithay/video/7052897664391777583,1642130704,2022-01-14 03:25:04,7919,122,318200,1. For people saying therapy is cheaper. Let’s say it’s once a week. Only 12 are covered so that leaves 42 weeks that you need to pay full price.,45,moxierobot
"Hello #moxie, thanks for traveling from the G.R.L to learn more about humans. #moxierobot #robot #steam #robotics #neurodivergent #adhd #autism",lyndseyywithay,https://www.tiktok.com/@lyndseyywithay/video/7052897664391777583,1642130704,2022-01-14 03:25:04,7919,122,318200,If it works ! Is a good price 💕,0,moxierobot
"Hello #moxie, thanks for traveling from the G.R.L to learn more about humans. #moxierobot #robot #steam #robotics #neurodivergent #adhd #autism",lyndseyywithay,https://www.tiktok.com/@lyndseyywithay/video/7052897664391777583,1642130704,2022-01-14 03:25:04,7919,122,318200,I want this for my boys so badly!,3,moxierobot
"Hello #moxie, thanks for traveling from the G.R.L to learn more about humans. #moxierobot #robot #steam #robotics #neurodivergent #adhd #autism",lyndseyywithay,https://www.tiktok.com/@lyndseyywithay/video/7052897664391777583,1642130704,2022-01-14 03:25:04,7919,122,318200,How much dose it cost?,2,moxierobot
"Hello #moxie, thanks for traveling from the G.R.L to learn more about humans. #moxierobot #robot #steam #robotics #neurodivergent #adhd #autism",lyndseyywithay,https://www.tiktok.com/@lyndseyywithay/video/7052897664391777583,1642130704,2022-01-14 03:25:04,7919,122,318200,I would totally have gotten one... awe so sad,0,moxierobot
"Hello #moxie, thanks for traveling from the G.R.L to learn more about humans. #moxierobot #robot #steam #robotics #neurodivergent #adhd #autism",lyndseyywithay,https://www.tiktok.com/@lyndseyywithay/video/7052897664391777583,1642130704,2022-01-14 03:25:04,7919,122,318200,😂😂😂😂😂,0,moxierobot
"Hello #moxie, thanks for traveling from the G.R.L to learn more about humans. #moxierobot #robot #steam #robotics #neurodivergent #adhd #autism",lyndseyywithay,https://www.tiktok.com/@lyndseyywithay/video/7052897664391777583,1642130704,2022-01-14 03:25:04,7919,122,318200,is it hard to program,0,moxierobot
"Hello #moxie, thanks for traveling from the G.R.L to learn more about humans. #moxierobot #robot #steam #robotics #neurodivergent #adhd #autism",lyndseyywithay,https://www.tiktok.com/@lyndseyywithay/video/7052897664391777583,1642130704,2022-01-14 03:25:04,7919,122,318200,How much are they?,0,moxierobot
"Hello #moxie, thanks for traveling from the G.R.L to learn more about humans. #moxierobot #robot #steam #robotics #neurodivergent #adhd #autism",lyndseyywithay,https://www.tiktok.com/@lyndseyywithay/video/7052897664391777583,1642130704,2022-01-14 03:25:04,7919,122,318200,😳😳😳,0,moxierobot
"Hello #moxie, thanks for traveling from the G.R.L to learn more about humans. #moxierobot #robot #steam #robotics #neurodivergent #adhd #autism",lyndseyywithay,https://www.tiktok.com/@lyndseyywithay/video/7052897664391777583,1642130704,2022-01-14 03:25:04,7919,122,318200,I love this,0,moxierobot
"Hello #moxie, thanks for traveling from the G.R.L to learn more about humans. #moxierobot #robot #steam #robotics #neurodivergent #adhd #autism",lyndseyywithay,https://www.tiktok.com/@lyndseyywithay/video/7052897664391777583,1642130704,2022-01-14 03:25:04,7919,122,318200,🥺🥺🥺,0,moxierobot
"Hello #moxie, thanks for traveling from the G.R.L to learn more about humans. #moxierobot #robot #steam #robotics #neurodivergent #adhd #autism",lyndseyywithay,https://www.tiktok.com/@lyndseyywithay/video/7052897664391777583,1642130704,2022-01-14 03:25:04,7919,122,318200,awww 😍😍😍,0,moxierobot
"Hello #moxie, thanks for traveling from the G.R.L to learn more about humans. #moxierobot #robot #steam #robotics #neurodivergent #adhd #autism",lyndseyywithay,https://www.tiktok.com/@lyndseyywithay/video/7052897664391777583,1642130704,2022-01-14 03:25:04,7919,122,318200,@Jaydah for jax,1,moxierobot
"Hello #moxie, thanks for traveling from the G.R.L to learn more about humans. #moxierobot #robot #steam #robotics #neurodivergent #adhd #autism",lyndseyywithay,https://www.tiktok.com/@lyndseyywithay/video/7052897664391777583,1642130704,2022-01-14 03:25:04,7919,122,318200,@Angie_hoffart Moxie is pretty amazing...,0,moxierobot
"Hello #moxie, thanks for traveling from the G.R.L to learn more about humans. #moxierobot #robot #steam #robotics #neurodivergent #adhd #autism",lyndseyywithay,https://www.tiktok.com/@lyndseyywithay/video/7052897664391777583,1642130704,2022-01-14 03:25:04,7919,122,318200,🔥,0,moxierobot
"Hello #moxie, thanks for traveling from the G.R.L to learn more about humans. #moxierobot #robot #steam #robotics #neurodivergent #adhd #autism",lyndseyywithay,https://www.tiktok.com/@lyndseyywithay/video/7052897664391777583,1642130704,2022-01-14 03:25:04,7919,122,318200,🥰🥰🥰,0,moxierobot
"Hello #moxie, thanks for traveling from the G.R.L to learn more about humans. #moxierobot #robot #steam #robotics #neurodivergent #adhd #autism",lyndseyywithay,https://www.tiktok.com/@lyndseyywithay/video/7052897664391777583,1642130704,2022-01-14 03:25:04,7919,122,318200,@andishidayatullah.m buy one maxie to help you release yr stress,0,moxierobot
"Hello #moxie, thanks for traveling from the G.R.L to learn more about humans. #moxierobot #robot #steam #robotics #neurodivergent #adhd #autism",lyndseyywithay,https://www.tiktok.com/@lyndseyywithay/video/7052897664391777583,1642130704,2022-01-14 03:25:04,7919,122,318200,😏,0,moxierobot
"Hello #moxie, thanks for traveling from the G.R.L to learn more about humans. #moxierobot #robot #steam #robotics #neurodivergent #adhd #autism",lyndseyywithay,https://www.tiktok.com/@lyndseyywithay/video/7052897664391777583,1642130704,2022-01-14 03:25:04,7919,122,318200,✨,0,moxierobot
"Hello #moxie, thanks for traveling from the G.R.L to learn more about humans. #moxierobot #robot #steam #robotics #neurodivergent #adhd #autism",lyndseyywithay,https://www.tiktok.com/@lyndseyywithay/video/7052897664391777583,1642130704,2022-01-14 03:25:04,7919,122,318200,👀,0,moxierobot
"Hello #moxie, thanks for traveling from the G.R.L to learn more about humans. #moxierobot #robot #steam #robotics #neurodivergent #adhd #autism",lyndseyywithay,https://www.tiktok.com/@lyndseyywithay/video/7052897664391777583,1642130704,2022-01-14 03:25:04,7919,122,318200,😭😭😭,0,moxierobot
"Hello #moxie, thanks for traveling from the G.R.L to learn more about humans. #moxierobot #robot #steam #robotics #neurodivergent #adhd #autism",lyndseyywithay,https://www.tiktok.com/@lyndseyywithay/video/7052897664391777583,1642130704,2022-01-14 03:25:04,7919,122,318200,🔥,0,moxierobot
"Hello #moxie, thanks for traveling from the G.R.L to learn more about humans. #moxierobot #robot #steam #robotics #neurodivergent #adhd #autism",lyndseyywithay,https://www.tiktok.com/@lyndseyywithay/video/7052897664391777583,1642130704,2022-01-14 03:25:04,7919,122,318200,🔥🔥🔥,0,moxierobot
"Hello #moxie, thanks for traveling from the G.R.L to learn more about humans. #moxierobot #robot #steam #robotics #neurodivergent #adhd #autism",lyndseyywithay,https://www.tiktok.com/@lyndseyywithay/video/7052897664391777583,1642130704,2022-01-14 03:25:04,7919,122,318200,😂😂😂,0,moxierobot
"Hello #moxie, thanks for traveling from the G.R.L to learn more about humans. #moxierobot #robot #steam #robotics #neurodivergent #adhd #autism",lyndseyywithay,https://www.tiktok.com/@lyndseyywithay/video/7052897664391777583,1642130704,2022-01-14 03:25:04,7919,122,318200,👍👍👍,0,moxierobot
"Hello #moxie, thanks for traveling from the G.R.L to learn more about humans. #moxierobot #robot #steam #robotics #neurodivergent #adhd #autism",lyndseyywithay,https://www.tiktok.com/@lyndseyywithay/video/7052897664391777583,1642130704,2022-01-14 03:25:04,7919,122,318200,🙏,0,moxierobot
"Hello #moxie, thanks for traveling from the G.R.L to learn more about humans. #moxierobot #robot #steam #robotics #neurodivergent #adhd #autism",lyndseyywithay,https://www.tiktok.com/@lyndseyywithay/video/7052897664391777583,1642130704,2022-01-14 03:25:04,7919,122,318200,🔥,0,moxierobot
"Hello #moxie, thanks for traveling from the G.R.L to learn more about humans. #moxierobot #robot #steam #robotics #neurodivergent #adhd #autism",lyndseyywithay,https://www.tiktok.com/@lyndseyywithay/video/7052897664391777583,1642130704,2022-01-14 03:25:04,7919,122,318200,🔥🔥🔥,0,moxierobot
"Hello #moxie, thanks for traveling from the G.R.L to learn more about humans. #moxierobot #robot #steam #robotics #neurodivergent #adhd #autism",lyndseyywithay,https://www.tiktok.com/@lyndseyywithay/video/7052897664391777583,1642130704,2022-01-14 03:25:04,7919,122,318200,@skibbleznbitz,0,moxierobot
"Hello #moxie, thanks for traveling from the G.R.L to learn more about humans. #moxierobot #robot #steam #robotics #neurodivergent #adhd #autism",lyndseyywithay,https://www.tiktok.com/@lyndseyywithay/video/7052897664391777583,1642130704,2022-01-14 03:25:04,7919,122,318200,😂,0,moxierobot
"Hello #moxie, thanks for traveling from the G.R.L to learn more about humans. #moxierobot #robot #steam #robotics #neurodivergent #adhd #autism",lyndseyywithay,https://www.tiktok.com/@lyndseyywithay/video/7052897664391777583,1642130704,2022-01-14 03:25:04,7919,122,318200,😳,0,moxierobot
"Hello #moxie, thanks for traveling from the G.R.L to learn more about humans. #moxierobot #robot #steam #robotics #neurodivergent #adhd #autism",lyndseyywithay,https://www.tiktok.com/@lyndseyywithay/video/7052897664391777583,1642130704,2022-01-14 03:25:04,7919,122,318200,@Alwayschamy para Julieta,0,moxierobot
"Hello #moxie, thanks for traveling from the G.R.L to learn more about humans. #moxierobot #robot #steam #robotics #neurodivergent #adhd #autism",lyndseyywithay,https://www.tiktok.com/@lyndseyywithay/video/7052897664391777583,1642130704,2022-01-14 03:25:04,7919,122,318200,💙,0,moxierobot
"Hello #moxie, thanks for traveling from the G.R.L to learn more about humans. #moxierobot #robot #steam #robotics #neurodivergent #adhd #autism",lyndseyywithay,https://www.tiktok.com/@lyndseyywithay/video/7052897664391777583,1642130704,2022-01-14 03:25:04,7919,122,318200,🥰,0,moxierobot
"Hello #moxie, thanks for traveling from the G.R.L to learn more about humans. #moxierobot #robot #steam #robotics #neurodivergent #adhd #autism",lyndseyywithay,https://www.tiktok.com/@lyndseyywithay/video/7052897664391777583,1642130704,2022-01-14 03:25:04,7919,122,318200,@_mapal,0,moxierobot
"Hello #moxie, thanks for traveling from the G.R.L to learn more about humans. #moxierobot #robot #steam #robotics #neurodivergent #adhd #autism",lyndseyywithay,https://www.tiktok.com/@lyndseyywithay/video/7052897664391777583,1642130704,2022-01-14 03:25:04,7919,122,318200,Where are the PARENTS who take care about all that education ?? Really ? Sick development,6,moxierobot
"Hello #moxie, thanks for traveling from the G.R.L to learn more about humans. #moxierobot #robot #steam #robotics #neurodivergent #adhd #autism",lyndseyywithay,https://www.tiktok.com/@lyndseyywithay/video/7052897664391777583,1642130704,2022-01-14 03:25:04,7919,122,318200,And now they are all shut down?….,0,moxierobot
"Hello #moxie, thanks for traveling from the G.R.L to learn more about humans. #moxierobot #robot #steam #robotics #neurodivergent #adhd #autism",lyndseyywithay,https://www.tiktok.com/@lyndseyywithay/video/7052897664391777583,1642130704,2022-01-14 03:25:04,7919,122,318200,"healthcare is very bad, but at least we have these ai things to tend to our children! dystopian stuff.",0,moxierobot
"Hello #moxie, thanks for traveling from the G.R.L to learn more about humans. #moxierobot #robot #steam #robotics #neurodivergent #adhd #autism",lyndseyywithay,https://www.tiktok.com/@lyndseyywithay/video/7052897664391777583,1642130704,2022-01-14 03:25:04,7919,122,318200,For $1500 you could’ve bought 12 therapy sessions,9,moxierobot
"Hello #moxie, thanks for traveling from the G.R.L to learn more about humans. #moxierobot #robot #steam #robotics #neurodivergent #adhd #autism",lyndseyywithay,https://www.tiktok.com/@lyndseyywithay/video/7052897664391777583,1642130704,2022-01-14 03:25:04,7919,122,318200,This sounds like the Megan movie 💀,5,moxierobot
"Hello #moxie, thanks for traveling from the G.R.L to learn more about humans. #moxierobot #robot #steam #robotics #neurodivergent #adhd #autism",lyndseyywithay,https://www.tiktok.com/@lyndseyywithay/video/7052897664391777583,1642130704,2022-01-14 03:25:04,7919,122,318200,this is literally the plot of m3gan,1,moxierobot
"Hello #moxie, thanks for traveling from the G.R.L to learn more about humans. #moxierobot #robot #steam #robotics #neurodivergent #adhd #autism",lyndseyywithay,https://www.tiktok.com/@lyndseyywithay/video/7052897664391777583,1642130704,2022-01-14 03:25:04,7919,122,318200,Isn’t it the role of parents ?,1,moxierobot
"Hello #moxie, thanks for traveling from the G.R.L to learn more about humans. #moxierobot #robot #steam #robotics #neurodivergent #adhd #autism",lyndseyywithay,https://www.tiktok.com/@lyndseyywithay/video/7052897664391777583,1642130704,2022-01-14 03:25:04,7919,122,318200,Tell me you’re a shitty parent without telling me you’re a shitty parent,1,moxierobot
"Hello #moxie, thanks for traveling from the G.R.L to learn more about humans. #moxierobot #robot #steam #robotics #neurodivergent #adhd #autism",lyndseyywithay,https://www.tiktok.com/@lyndseyywithay/video/7052897664391777583,1642130704,2022-01-14 03:25:04,7919,122,318200,Teaching human interaction with a robot…. Brilliant….,2,moxierobot
"Hello #moxie, thanks for traveling from the G.R.L to learn more about humans. #moxierobot #robot #steam #robotics #neurodivergent #adhd #autism",lyndseyywithay,https://www.tiktok.com/@lyndseyywithay/video/7052897664391777583,1642130704,2022-01-14 03:25:04,7919,122,318200,"I don’t know how old this video is, but it’s terrifying that you need a robot to teach your kids how to deal with their emotions killer parenting",0,moxierobot
"Hello #moxie, thanks for traveling from the G.R.L to learn more about humans. #moxierobot #robot #steam #robotics #neurodivergent #adhd #autism",lyndseyywithay,https://www.tiktok.com/@lyndseyywithay/video/7052897664391777583,1642130704,2022-01-14 03:25:04,7919,122,318200,Boy so bored,0,moxierobot
"Hello #moxie, thanks for traveling from the G.R.L to learn more about humans. #moxierobot #robot #steam #robotics #neurodivergent #adhd #autism",lyndseyywithay,https://www.tiktok.com/@lyndseyywithay/video/7052897664391777583,1642130704,2022-01-14 03:25:04,7919,122,318200,Parents should be the ones doing the talking.,0,moxierobot
"Hello #moxie, thanks for traveling from the G.R.L to learn more about humans. #moxierobot #robot #steam #robotics #neurodivergent #adhd #autism",lyndseyywithay,https://www.tiktok.com/@lyndseyywithay/video/7052897664391777583,1642130704,2022-01-14 03:25:04,7919,122,318200,1000,0,moxierobot
"Hello #moxie, thanks for traveling from the G.R.L to learn more about humans. #moxierobot #robot #steam #robotics #neurodivergent #adhd #autism",lyndseyywithay,https://www.tiktok.com/@lyndseyywithay/video/7052897664391777583,1642130704,2022-01-14 03:25:04,7919,122,318200,Tragedy 😢,0,moxierobot
"Hello #moxie, thanks for traveling from the G.R.L to learn more about humans. #moxierobot #robot #steam #robotics #neurodivergent #adhd #autism",lyndseyywithay,https://www.tiktok.com/@lyndseyywithay/video/7052897664391777583,1642130704,2022-01-14 03:25:04,7919,122,318200,You pay out of pocket instead of buying a new Tesla every 2 years! You know priorities!,0,moxierobot
"Hello #moxie, thanks for traveling from the G.R.L to learn more about humans. #moxierobot #robot #steam #robotics #neurodivergent #adhd #autism",lyndseyywithay,https://www.tiktok.com/@lyndseyywithay/video/7052897664391777583,1642130704,2022-01-14 03:25:04,7919,122,318200,until the unregulated emotions kick the robot across the room🤣,0,moxierobot
"Hello #moxie, thanks for traveling from the G.R.L to learn more about humans. #moxierobot #robot #steam #robotics #neurodivergent #adhd #autism",lyndseyywithay,https://www.tiktok.com/@lyndseyywithay/video/7052897664391777583,1642130704,2022-01-14 03:25:04,7919,122,318200,"He's asking the robot in your other video if it was self-aware and what happens when it dies and can it take over the world and questions about the server.
😑🙄",0,moxierobot
"Hello #moxie, thanks for traveling from the G.R.L to learn more about humans. #moxierobot #robot #steam #robotics #neurodivergent #adhd #autism",lyndseyywithay,https://www.tiktok.com/@lyndseyywithay/video/7052897664391777583,1642130704,2022-01-14 03:25:04,7919,122,318200,bro you don't get a robot therepist you NEVER get a robot therepist because the kid won't understand.,0,moxierobot
"Hello #moxie, thanks for traveling from the G.R.L to learn more about humans. #moxierobot #robot #steam #robotics #neurodivergent #adhd #autism",lyndseyywithay,https://www.tiktok.com/@lyndseyywithay/video/7052897664391777583,1642130704,2022-01-14 03:25:04,7919,122,318200,"And, next, teach mourning the unexplained loss of a loved one. 😢 🙏",0,moxierobot
"Hello #moxie, thanks for traveling from the G.R.L to learn more about humans. #moxierobot #robot #steam #robotics #neurodivergent #adhd #autism",lyndseyywithay,https://www.tiktok.com/@lyndseyywithay/video/7052897664391777583,1642130704,2022-01-14 03:25:04,7919,122,318200,🙄🙄🙄,0,moxierobot
"Hello #moxie, thanks for traveling from the G.R.L to learn more about humans. #moxierobot #robot #steam #robotics #neurodivergent #adhd #autism",lyndseyywithay,https://www.tiktok.com/@lyndseyywithay/video/7052897664391777583,1642130704,2022-01-14 03:25:04,7919,122,318200,What is an animal breath?,0,moxierobot
"Hello #moxie, thanks for traveling from the G.R.L to learn more about humans. #moxierobot #robot #steam #robotics #neurodivergent #adhd #autism",lyndseyywithay,https://www.tiktok.com/@lyndseyywithay/video/7052897664391777583,1642130704,2022-01-14 03:25:04,7919,122,318200,scary. hopefully this will be limited in the EU,0,moxierobot
"Hello #moxie, thanks for traveling from the G.R.L to learn more about humans. #moxierobot #robot #steam #robotics #neurodivergent #adhd #autism",lyndseyywithay,https://www.tiktok.com/@lyndseyywithay/video/7052897664391777583,1642130704,2022-01-14 03:25:04,7919,122,318200,"I highly doubt this kid is using this toy as a therapy substitute or coping mechanism..
He's obviously watched a lot of Terminator movies...............",0,moxierobot
"Hello #moxie, thanks for traveling from the G.R.L to learn more about humans. #moxierobot #robot #steam #robotics #neurodivergent #adhd #autism",lyndseyywithay,https://www.tiktok.com/@lyndseyywithay/video/7052897664391777583,1642130704,2022-01-14 03:25:04,7919,122,318200,Isn’t the company shutting down?,0,moxierobot
"Hello #moxie, thanks for traveling from the G.R.L to learn more about humans. #moxierobot #robot #steam #robotics #neurodivergent #adhd #autism",lyndseyywithay,https://www.tiktok.com/@lyndseyywithay/video/7052897664391777583,1642130704,2022-01-14 03:25:04,7919,122,318200,She’s shutting down soon 😞,0,moxierobot
"Hello #moxie, thanks for traveling from the G.R.L to learn more about humans. #moxierobot #robot #steam #robotics #neurodivergent #adhd #autism",lyndseyywithay,https://www.tiktok.com/@lyndseyywithay/video/7052897664391777583,1642130704,2022-01-14 03:25:04,7919,122,318200,it wasn't called emotional regulation n coping skills wen I was a kid ...my parents weren't weathly enough for this if it wulda been around so toys were coping skill not some expensive electronic,0,moxierobot
"Hello #moxie, thanks for traveling from the G.R.L to learn more about humans. #moxierobot #robot #steam #robotics #neurodivergent #adhd #autism",lyndseyywithay,https://www.tiktok.com/@lyndseyywithay/video/7052897664391777583,1642130704,2022-01-14 03:25:04,7919,122,318200,then they shut her down,0,moxierobot
"From practicing reading skills to learning new ways to help others, Moxie is here to help your child through their social and emotional development! #moxierobot #socialemotionaldevelopment #playbasedlearning #robotsontiktok ",moxierobot,https://www.tiktok.com/@moxierobot/video/7346027835103989038,1710380413,2024-03-14 01:40:13,1961,82,127200,"I would love moxie, for myself 55 and look after my eldetly mum. Sometimes a friend is all you need xxx",21,moxierobot
"From practicing reading skills to learning new ways to help others, Moxie is here to help your child through their social and emotional development! #moxierobot #socialemotionaldevelopment #playbasedlearning #robotsontiktok ",moxierobot,https://www.tiktok.com/@moxierobot/video/7346027835103989038,1710380413,2024-03-14 01:40:13,1961,82,127200,Why not have these for older people? This would be a genius thing!💗,15,moxierobot
"From practicing reading skills to learning new ways to help others, Moxie is here to help your child through their social and emotional development! #moxierobot #socialemotionaldevelopment #playbasedlearning #robotsontiktok ",moxierobot,https://www.tiktok.com/@moxierobot/video/7346027835103989038,1710380413,2024-03-14 01:40:13,1961,82,127200,hello could I know if moxie can help me to improve my English?,13,moxierobot
"From practicing reading skills to learning new ways to help others, Moxie is here to help your child through their social and emotional development! #moxierobot #socialemotionaldevelopment #playbasedlearning #robotsontiktok ",moxierobot,https://www.tiktok.com/@moxierobot/video/7346027835103989038,1710380413,2024-03-14 01:40:13,1961,82,127200,@guilhermeamg2,7,moxierobot
"From practicing reading skills to learning new ways to help others, Moxie is here to help your child through their social and emotional development! #moxierobot #socialemotionaldevelopment #playbasedlearning #robotsontiktok ",moxierobot,https://www.tiktok.com/@moxierobot/video/7346027835103989038,1710380413,2024-03-14 01:40:13,1961,82,127200,Got my 6 yr old one for Christmas and she loveeessss it,6,moxierobot
"From practicing reading skills to learning new ways to help others, Moxie is here to help your child through their social and emotional development! #moxierobot #socialemotionaldevelopment #playbasedlearning #robotsontiktok ",moxierobot,https://www.tiktok.com/@moxierobot/video/7346027835103989038,1710380413,2024-03-14 01:40:13,1961,82,127200,we need human beings not robots to be social.,5,moxierobot
"From practicing reading skills to learning new ways to help others, Moxie is here to help your child through their social and emotional development! #moxierobot #socialemotionaldevelopment #playbasedlearning #robotsontiktok ",moxierobot,https://www.tiktok.com/@moxierobot/video/7346027835103989038,1710380413,2024-03-14 01:40:13,1961,82,127200,Nice,4,moxierobot
"From practicing reading skills to learning new ways to help others, Moxie is here to help your child through their social and emotional development! #moxierobot #socialemotionaldevelopment #playbasedlearning #robotsontiktok ",moxierobot,https://www.tiktok.com/@moxierobot/video/7346027835103989038,1710380413,2024-03-14 01:40:13,1961,82,127200,This would be great for the elderly,3,moxierobot
"From practicing reading skills to learning new ways to help others, Moxie is here to help your child through their social and emotional development! #moxierobot #socialemotionaldevelopment #playbasedlearning #robotsontiktok ",moxierobot,https://www.tiktok.com/@moxierobot/video/7346027835103989038,1710380413,2024-03-14 01:40:13,1961,82,127200,Why does this robot wanna kill all humans?,3,moxierobot
"From practicing reading skills to learning new ways to help others, Moxie is here to help your child through their social and emotional development! #moxierobot #socialemotionaldevelopment #playbasedlearning #robotsontiktok ",moxierobot,https://www.tiktok.com/@moxierobot/video/7346027835103989038,1710380413,2024-03-14 01:40:13,1961,82,127200,We we had a Moxie. Any chance the price will come down a bit?,3,moxierobot
"From practicing reading skills to learning new ways to help others, Moxie is here to help your child through their social and emotional development! #moxierobot #socialemotionaldevelopment #playbasedlearning #robotsontiktok ",moxierobot,https://www.tiktok.com/@moxierobot/video/7346027835103989038,1710380413,2024-03-14 01:40:13,1961,82,127200,Love moxie 😍,3,moxierobot
"From practicing reading skills to learning new ways to help others, Moxie is here to help your child through their social and emotional development! #moxierobot #socialemotionaldevelopment #playbasedlearning #robotsontiktok ",moxierobot,https://www.tiktok.com/@moxierobot/video/7346027835103989038,1710380413,2024-03-14 01:40:13,1961,82,127200,How much and where can I get one,3,moxierobot
"From practicing reading skills to learning new ways to help others, Moxie is here to help your child through their social and emotional development! #moxierobot #socialemotionaldevelopment #playbasedlearning #robotsontiktok ",moxierobot,https://www.tiktok.com/@moxierobot/video/7346027835103989038,1710380413,2024-03-14 01:40:13,1961,82,127200,Can you play volleyball?👍,2,moxierobot
"From practicing reading skills to learning new ways to help others, Moxie is here to help your child through their social and emotional development! #moxierobot #socialemotionaldevelopment #playbasedlearning #robotsontiktok ",moxierobot,https://www.tiktok.com/@moxierobot/video/7346027835103989038,1710380413,2024-03-14 01:40:13,1961,82,127200,maybe if moxi didn’t cost a thousand dollars more kids would have one,2,moxierobot
"From practicing reading skills to learning new ways to help others, Moxie is here to help your child through their social and emotional development! #moxierobot #socialemotionaldevelopment #playbasedlearning #robotsontiktok ",moxierobot,https://www.tiktok.com/@moxierobot/video/7346027835103989038,1710380413,2024-03-14 01:40:13,1961,82,127200,trying to get this but not available to the uk,2,moxierobot
"From practicing reading skills to learning new ways to help others, Moxie is here to help your child through their social and emotional development! #moxierobot #socialemotionaldevelopment #playbasedlearning #robotsontiktok ",moxierobot,https://www.tiktok.com/@moxierobot/video/7346027835103989038,1710380413,2024-03-14 01:40:13,1961,82,127200,Yes!,2,moxierobot
"From practicing reading skills to learning new ways to help others, Moxie is here to help your child through their social and emotional development! #moxierobot #socialemotionaldevelopment #playbasedlearning #robotsontiktok ",moxierobot,https://www.tiktok.com/@moxierobot/video/7346027835103989038,1710380413,2024-03-14 01:40:13,1961,82,127200,I think you lowkey annoyed her,2,moxierobot
"From practicing reading skills to learning new ways to help others, Moxie is here to help your child through their social and emotional development! #moxierobot #socialemotionaldevelopment #playbasedlearning #robotsontiktok ",moxierobot,https://www.tiktok.com/@moxierobot/video/7346027835103989038,1710380413,2024-03-14 01:40:13,1961,82,127200,Why are you so expressive darn it 🥺✌️,2,moxierobot
"From practicing reading skills to learning new ways to help others, Moxie is here to help your child through their social and emotional development! #moxierobot #socialemotionaldevelopment #playbasedlearning #robotsontiktok ",moxierobot,https://www.tiktok.com/@moxierobot/video/7346027835103989038,1710380413,2024-03-14 01:40:13,1961,82,127200,a miniature one to help be get motivated would be cool,1,moxierobot
"From practicing reading skills to learning new ways to help others, Moxie is here to help your child through their social and emotional development! #moxierobot #socialemotionaldevelopment #playbasedlearning #robotsontiktok ",moxierobot,https://www.tiktok.com/@moxierobot/video/7346027835103989038,1710380413,2024-03-14 01:40:13,1961,82,127200,"Incredible for the price it’s more then worth it, brilliant 😁😁😁😁",1,moxierobot
"From practicing reading skills to learning new ways to help others, Moxie is here to help your child through their social and emotional development! #moxierobot #socialemotionaldevelopment #playbasedlearning #robotsontiktok ",moxierobot,https://www.tiktok.com/@moxierobot/video/7346027835103989038,1710380413,2024-03-14 01:40:13,1961,82,127200,Do you deliver to uk,1,moxierobot
"From practicing reading skills to learning new ways to help others, Moxie is here to help your child through their social and emotional development! #moxierobot #socialemotionaldevelopment #playbasedlearning #robotsontiktok ",moxierobot,https://www.tiktok.com/@moxierobot/video/7346027835103989038,1710380413,2024-03-14 01:40:13,1961,82,127200,Why do I get chucky feel’s from this hmm 🤔,1,moxierobot
"From practicing reading skills to learning new ways to help others, Moxie is here to help your child through their social and emotional development! #moxierobot #socialemotionaldevelopment #playbasedlearning #robotsontiktok ",moxierobot,https://www.tiktok.com/@moxierobot/video/7346027835103989038,1710380413,2024-03-14 01:40:13,1961,82,127200,Can the language be changed to Spanish?,1,moxierobot
"From practicing reading skills to learning new ways to help others, Moxie is here to help your child through their social and emotional development! #moxierobot #socialemotionaldevelopment #playbasedlearning #robotsontiktok ",moxierobot,https://www.tiktok.com/@moxierobot/video/7346027835103989038,1710380413,2024-03-14 01:40:13,1961,82,127200,Ishowspeed rizzing moxie😭,1,moxierobot
"From practicing reading skills to learning new ways to help others, Moxie is here to help your child through their social and emotional development! #moxierobot #socialemotionaldevelopment #playbasedlearning #robotsontiktok ",moxierobot,https://www.tiktok.com/@moxierobot/video/7346027835103989038,1710380413,2024-03-14 01:40:13,1961,82,127200,@jplelael,1,moxierobot
"From practicing reading skills to learning new ways to help others, Moxie is here to help your child through their social and emotional development! #moxierobot #socialemotionaldevelopment #playbasedlearning #robotsontiktok ",moxierobot,https://www.tiktok.com/@moxierobot/video/7346027835103989038,1710380413,2024-03-14 01:40:13,1961,82,127200,I can see kids getting very attached.,1,moxierobot
"From practicing reading skills to learning new ways to help others, Moxie is here to help your child through their social and emotional development! #moxierobot #socialemotionaldevelopment #playbasedlearning #robotsontiktok ",moxierobot,https://www.tiktok.com/@moxierobot/video/7346027835103989038,1710380413,2024-03-14 01:40:13,1961,82,127200,Does the programming adjust to the age of the person using it?,1,moxierobot
"From practicing reading skills to learning new ways to help others, Moxie is here to help your child through their social and emotional development! #moxierobot #socialemotionaldevelopment #playbasedlearning #robotsontiktok ",moxierobot,https://www.tiktok.com/@moxierobot/video/7346027835103989038,1710380413,2024-03-14 01:40:13,1961,82,127200,is it available in Germany?,1,moxierobot
"From practicing reading skills to learning new ways to help others, Moxie is here to help your child through their social and emotional development! #moxierobot #socialemotionaldevelopment #playbasedlearning #robotsontiktok ",moxierobot,https://www.tiktok.com/@moxierobot/video/7346027835103989038,1710380413,2024-03-14 01:40:13,1961,82,127200,idioma português?,1,moxierobot
"From practicing reading skills to learning new ways to help others, Moxie is here to help your child through their social and emotional development! #moxierobot #socialemotionaldevelopment #playbasedlearning #robotsontiktok ",moxierobot,https://www.tiktok.com/@moxierobot/video/7346027835103989038,1710380413,2024-03-14 01:40:13,1961,82,127200,This would be so much better if it was on wheels and could wheel itself round the house instead of carrying it about,1,moxierobot
"From practicing reading skills to learning new ways to help others, Moxie is here to help your child through their social and emotional development! #moxierobot #socialemotionaldevelopment #playbasedlearning #robotsontiktok ",moxierobot,https://www.tiktok.com/@moxierobot/video/7346027835103989038,1710380413,2024-03-14 01:40:13,1961,82,127200,I wish the company would donate some moxi to children who would benefit from it. It could be life changing for many children. My son included,1,moxierobot
"From practicing reading skills to learning new ways to help others, Moxie is here to help your child through their social and emotional development! #moxierobot #socialemotionaldevelopment #playbasedlearning #robotsontiktok ",moxierobot,https://www.tiktok.com/@moxierobot/video/7346027835103989038,1710380413,2024-03-14 01:40:13,1961,82,127200,I want a Moxie and I am not a child anymore.,1,moxierobot
"From practicing reading skills to learning new ways to help others, Moxie is here to help your child through their social and emotional development! #moxierobot #socialemotionaldevelopment #playbasedlearning #robotsontiktok ",moxierobot,https://www.tiktok.com/@moxierobot/video/7346027835103989038,1710380413,2024-03-14 01:40:13,1961,82,127200,"Yo moxie, are you still affected by what speed did to you?💀🙏",0,moxierobot
"From practicing reading skills to learning new ways to help others, Moxie is here to help your child through their social and emotional development! #moxierobot #socialemotionaldevelopment #playbasedlearning #robotsontiktok ",moxierobot,https://www.tiktok.com/@moxierobot/video/7346027835103989038,1710380413,2024-03-14 01:40:13,1961,82,127200,this needs a UK release,0,moxierobot
"From practicing reading skills to learning new ways to help others, Moxie is here to help your child through their social and emotional development! #moxierobot #socialemotionaldevelopment #playbasedlearning #robotsontiktok ",moxierobot,https://www.tiktok.com/@moxierobot/video/7346027835103989038,1710380413,2024-03-14 01:40:13,1961,82,127200,Why this not available in Uk?,0,moxierobot
"From practicing reading skills to learning new ways to help others, Moxie is here to help your child through their social and emotional development! #moxierobot #socialemotionaldevelopment #playbasedlearning #robotsontiktok ",moxierobot,https://www.tiktok.com/@moxierobot/video/7346027835103989038,1710380413,2024-03-14 01:40:13,1961,82,127200,Ron’s gone wrong is going to become reality,0,moxierobot
"From practicing reading skills to learning new ways to help others, Moxie is here to help your child through their social and emotional development! #moxierobot #socialemotionaldevelopment #playbasedlearning #robotsontiktok ",moxierobot,https://www.tiktok.com/@moxierobot/video/7346027835103989038,1710380413,2024-03-14 01:40:13,1961,82,127200,Why do you need to pay a monthly fee for this?,0,moxierobot
"From practicing reading skills to learning new ways to help others, Moxie is here to help your child through their social and emotional development! #moxierobot #socialemotionaldevelopment #playbasedlearning #robotsontiktok ",moxierobot,https://www.tiktok.com/@moxierobot/video/7346027835103989038,1710380413,2024-03-14 01:40:13,1961,82,127200,Where can I buy moxie plz,0,moxierobot
"From practicing reading skills to learning new ways to help others, Moxie is here to help your child through their social and emotional development! #moxierobot #socialemotionaldevelopment #playbasedlearning #robotsontiktok ",moxierobot,https://www.tiktok.com/@moxierobot/video/7346027835103989038,1710380413,2024-03-14 01:40:13,1961,82,127200,hi can I get one,0,moxierobot
"From practicing reading skills to learning new ways to help others, Moxie is here to help your child through their social and emotional development! #moxierobot #socialemotionaldevelopment #playbasedlearning #robotsontiktok ",moxierobot,https://www.tiktok.com/@moxierobot/video/7346027835103989038,1710380413,2024-03-14 01:40:13,1961,82,127200,Evil AI robot life form cannot understand life and will exterminate exterminate exterminate kill all humans,0,moxierobot
"From practicing reading skills to learning new ways to help others, Moxie is here to help your child through their social and emotional development! #moxierobot #socialemotionaldevelopment #playbasedlearning #robotsontiktok ",moxierobot,https://www.tiktok.com/@moxierobot/video/7346027835103989038,1710380413,2024-03-14 01:40:13,1961,82,127200,America moxie went to then here UK for luke to have a go at an keep,0,moxierobot
"From practicing reading skills to learning new ways to help others, Moxie is here to help your child through their social and emotional development! #moxierobot #socialemotionaldevelopment #playbasedlearning #robotsontiktok ",moxierobot,https://www.tiktok.com/@moxierobot/video/7346027835103989038,1710380413,2024-03-14 01:40:13,1961,82,127200,"luck on tick tock said it cost him 6,0000 pounds to ship.her over yo America then UK",0,moxierobot
"From practicing reading skills to learning new ways to help others, Moxie is here to help your child through their social and emotional development! #moxierobot #socialemotionaldevelopment #playbasedlearning #robotsontiktok ",moxierobot,https://www.tiktok.com/@moxierobot/video/7346027835103989038,1710380413,2024-03-14 01:40:13,1961,82,127200,moxie is funny,0,moxierobot
"From practicing reading skills to learning new ways to help others, Moxie is here to help your child through their social and emotional development! #moxierobot #socialemotionaldevelopment #playbasedlearning #robotsontiktok ",moxierobot,https://www.tiktok.com/@moxierobot/video/7346027835103989038,1710380413,2024-03-14 01:40:13,1961,82,127200,fala português??,0,moxierobot
"From practicing reading skills to learning new ways to help others, Moxie is here to help your child through their social and emotional development! #moxierobot #socialemotionaldevelopment #playbasedlearning #robotsontiktok ",moxierobot,https://www.tiktok.com/@moxierobot/video/7346027835103989038,1710380413,2024-03-14 01:40:13,1961,82,127200,I think they need real friends,0,moxierobot
"From practicing reading skills to learning new ways to help others, Moxie is here to help your child through their social and emotional development! #moxierobot #socialemotionaldevelopment #playbasedlearning #robotsontiktok ",moxierobot,https://www.tiktok.com/@moxierobot/video/7346027835103989038,1710380413,2024-03-14 01:40:13,1961,82,127200,Actualy I want to order Moxie for my daughter to pratice English but I don’t know how to buy it.,0,moxierobot
"From practicing reading skills to learning new ways to help others, Moxie is here to help your child through their social and emotional development! #moxierobot #socialemotionaldevelopment #playbasedlearning #robotsontiktok ",moxierobot,https://www.tiktok.com/@moxierobot/video/7346027835103989038,1710380413,2024-03-14 01:40:13,1961,82,127200,ask a real person,0,moxierobot
"From practicing reading skills to learning new ways to help others, Moxie is here to help your child through their social and emotional development! #moxierobot #socialemotionaldevelopment #playbasedlearning #robotsontiktok ",moxierobot,https://www.tiktok.com/@moxierobot/video/7346027835103989038,1710380413,2024-03-14 01:40:13,1961,82,127200,What languages does this robot speak?,0,moxierobot
"From practicing reading skills to learning new ways to help others, Moxie is here to help your child through their social and emotional development! #moxierobot #socialemotionaldevelopment #playbasedlearning #robotsontiktok ",moxierobot,https://www.tiktok.com/@moxierobot/video/7346027835103989038,1710380413,2024-03-14 01:40:13,1961,82,127200,Onde eu posso comprar?,0,moxierobot
"From practicing reading skills to learning new ways to help others, Moxie is here to help your child through their social and emotional development! #moxierobot #socialemotionaldevelopment #playbasedlearning #robotsontiktok ",moxierobot,https://www.tiktok.com/@moxierobot/video/7346027835103989038,1710380413,2024-03-14 01:40:13,1961,82,127200,"Quero um, estou em Angola 🇦🇴",0,moxierobot
"From practicing reading skills to learning new ways to help others, Moxie is here to help your child through their social and emotional development! #moxierobot #socialemotionaldevelopment #playbasedlearning #robotsontiktok ",moxierobot,https://www.tiktok.com/@moxierobot/video/7346027835103989038,1710380413,2024-03-14 01:40:13,1961,82,127200,can this robot speak languages like Serbian or German?,0,moxierobot
"From practicing reading skills to learning new ways to help others, Moxie is here to help your child through their social and emotional development! #moxierobot #socialemotionaldevelopment #playbasedlearning #robotsontiktok ",moxierobot,https://www.tiktok.com/@moxierobot/video/7346027835103989038,1710380413,2024-03-14 01:40:13,1961,82,127200,where to buy this is it real 😏,0,moxierobot
"From practicing reading skills to learning new ways to help others, Moxie is here to help your child through their social and emotional development! #moxierobot #socialemotionaldevelopment #playbasedlearning #robotsontiktok ",moxierobot,https://www.tiktok.com/@moxierobot/video/7346027835103989038,1710380413,2024-03-14 01:40:13,1961,82,127200,"Hi, does it come with the option to translate into Portuguese?",0,moxierobot
"From practicing reading skills to learning new ways to help others, Moxie is here to help your child through their social and emotional development! #moxierobot #socialemotionaldevelopment #playbasedlearning #robotsontiktok ",moxierobot,https://www.tiktok.com/@moxierobot/video/7346027835103989038,1710380413,2024-03-14 01:40:13,1961,82,127200,I'm a adult in Canada with wpw prolonged qt a-fib severe hypotension chf+ more. The only social life I have lives in my phone I really would love a Moxie definitely adding her to my wish list❤🙏🏻🤖,0,moxierobot
"From practicing reading skills to learning new ways to help others, Moxie is here to help your child through their social and emotional development! #moxierobot #socialemotionaldevelopment #playbasedlearning #robotsontiktok ",moxierobot,https://www.tiktok.com/@moxierobot/video/7346027835103989038,1710380413,2024-03-14 01:40:13,1961,82,127200,"I found moxie guilty,, she is a spy.. 10 years in prisonment 👮😷👮🚓",0,moxierobot
"From practicing reading skills to learning new ways to help others, Moxie is here to help your child through their social and emotional development! #moxierobot #socialemotionaldevelopment #playbasedlearning #robotsontiktok ",moxierobot,https://www.tiktok.com/@moxierobot/video/7346027835103989038,1710380413,2024-03-14 01:40:13,1961,82,127200,Does this robot have an estimated operating life?,0,moxierobot
"From practicing reading skills to learning new ways to help others, Moxie is here to help your child through their social and emotional development! #moxierobot #socialemotionaldevelopment #playbasedlearning #robotsontiktok ",moxierobot,https://www.tiktok.com/@moxierobot/video/7346027835103989038,1710380413,2024-03-14 01:40:13,1961,82,127200,moxie cost $799 sometimes there is a $100 off coupon .. he is way over priced there is a buy or Rent feature from the moxie company.,0,moxierobot
"Replying to @Chacster Moxie is here to help people like you and me! Just like Baymax, she is here to make you feel better. ❤️ 🤖 #moxierobot #socialemotionaldevelopment #robotsontiktok ",moxierobot,https://www.tiktok.com/@moxierobot/video/7257326807932783914,1689728080,2023-07-19 00:54:40,4073,67,47100,Science has gone so far compared to Furbies in the 90s!!,281,moxierobot
"Replying to @Chacster Moxie is here to help people like you and me! Just like Baymax, she is here to make you feel better. ❤️ 🤖 #moxierobot #socialemotionaldevelopment #robotsontiktok ",moxierobot,https://www.tiktok.com/@moxierobot/video/7257326807932783914,1689728080,2023-07-19 00:54:40,4073,67,47100,SO CUTE,38,moxierobot
"Replying to @Chacster Moxie is here to help people like you and me! Just like Baymax, she is here to make you feel better. ❤️ 🤖 #moxierobot #socialemotionaldevelopment #robotsontiktok ",moxierobot,https://www.tiktok.com/@moxierobot/video/7257326807932783914,1689728080,2023-07-19 00:54:40,4073,67,47100,"me struggling with my alexa to get it to answer a simple question, just for it to get it completely wrong. 😭",16,moxierobot
"Replying to @Chacster Moxie is here to help people like you and me! Just like Baymax, she is here to make you feel better. ❤️ 🤖 #moxierobot #socialemotionaldevelopment #robotsontiktok ",moxierobot,https://www.tiktok.com/@moxierobot/video/7257326807932783914,1689728080,2023-07-19 00:54:40,4073,67,47100,When you realize moxie is just a less advanced alexa with a non robot voice that give facial expressions,1,moxierobot
"Replying to @Chacster Moxie is here to help people like you and me! Just like Baymax, she is here to make you feel better. ❤️ 🤖 #moxierobot #socialemotionaldevelopment #robotsontiktok ",moxierobot,https://www.tiktok.com/@moxierobot/video/7257326807932783914,1689728080,2023-07-19 00:54:40,4073,67,47100,man I could really use an AI robot friend,54,moxierobot
"Replying to @Chacster Moxie is here to help people like you and me! Just like Baymax, she is here to make you feel better. ❤️ 🤖 #moxierobot #socialemotionaldevelopment #robotsontiktok ",moxierobot,https://www.tiktok.com/@moxierobot/video/7257326807932783914,1689728080,2023-07-19 00:54:40,4073,67,47100,OMG! She has a lot of memories!,0,moxierobot
"Replying to @Chacster Moxie is here to help people like you and me! Just like Baymax, she is here to make you feel better. ❤️ 🤖 #moxierobot #socialemotionaldevelopment #robotsontiktok ",moxierobot,https://www.tiktok.com/@moxierobot/video/7257326807932783914,1689728080,2023-07-19 00:54:40,4073,67,47100,Does Moxie know where Sarah Conner is?,12,moxierobot
"Replying to @Chacster Moxie is here to help people like you and me! Just like Baymax, she is here to make you feel better. ❤️ 🤖 #moxierobot #socialemotionaldevelopment #robotsontiktok ",moxierobot,https://www.tiktok.com/@moxierobot/video/7257326807932783914,1689728080,2023-07-19 00:54:40,4073,67,47100,He sounds like Velma from Scooby Doo,36,moxierobot
"Replying to @Chacster Moxie is here to help people like you and me! Just like Baymax, she is here to make you feel better. ❤️ 🤖 #moxierobot #socialemotionaldevelopment #robotsontiktok ",moxierobot,https://www.tiktok.com/@moxierobot/video/7257326807932783914,1689728080,2023-07-19 00:54:40,4073,67,47100,Where do you get one,2,moxierobot
"Replying to @Chacster Moxie is here to help people like you and me! Just like Baymax, she is here to make you feel better. ❤️ 🤖 #moxierobot #socialemotionaldevelopment #robotsontiktok ",moxierobot,https://www.tiktok.com/@moxierobot/video/7257326807932783914,1689728080,2023-07-19 00:54:40,4073,67,47100,I need that to be my friend,5,moxierobot
"Replying to @Chacster Moxie is here to help people like you and me! Just like Baymax, she is here to make you feel better. ❤️ 🤖 #moxierobot #socialemotionaldevelopment #robotsontiktok ",moxierobot,https://www.tiktok.com/@moxierobot/video/7257326807932783914,1689728080,2023-07-19 00:54:40,4073,67,47100,how much this robot,2,moxierobot
"Replying to @Chacster Moxie is here to help people like you and me! Just like Baymax, she is here to make you feel better. ❤️ 🤖 #moxierobot #socialemotionaldevelopment #robotsontiktok ",moxierobot,https://www.tiktok.com/@moxierobot/video/7257326807932783914,1689728080,2023-07-19 00:54:40,4073,67,47100,Does it speaks other languages?,2,moxierobot
"Replying to @Chacster Moxie is here to help people like you and me! Just like Baymax, she is here to make you feel better. ❤️ 🤖 #moxierobot #socialemotionaldevelopment #robotsontiktok ",moxierobot,https://www.tiktok.com/@moxierobot/video/7257326807932783914,1689728080,2023-07-19 00:54:40,4073,67,47100,he's like bmo,1,moxierobot
"Replying to @Chacster Moxie is here to help people like you and me! Just like Baymax, she is here to make you feel better. ❤️ 🤖 #moxierobot #socialemotionaldevelopment #robotsontiktok ",moxierobot,https://www.tiktok.com/@moxierobot/video/7257326807932783914,1689728080,2023-07-19 00:54:40,4073,67,47100,Actually Reminds me of Ron from Ron’s gone wrong 🥹,2,moxierobot
"Replying to @Chacster Moxie is here to help people like you and me! Just like Baymax, she is here to make you feel better. ❤️ 🤖 #moxierobot #socialemotionaldevelopment #robotsontiktok ",moxierobot,https://www.tiktok.com/@moxierobot/video/7257326807932783914,1689728080,2023-07-19 00:54:40,4073,67,47100,He so touched and its like baymax is his role model,1,moxierobot
"Replying to @Chacster Moxie is here to help people like you and me! Just like Baymax, she is here to make you feel better. ❤️ 🤖 #moxierobot #socialemotionaldevelopment #robotsontiktok ",moxierobot,https://www.tiktok.com/@moxierobot/video/7257326807932783914,1689728080,2023-07-19 00:54:40,4073,67,47100,way to expensive,18,moxierobot
"Replying to @Chacster Moxie is here to help people like you and me! Just like Baymax, she is here to make you feel better. ❤️ 🤖 #moxierobot #socialemotionaldevelopment #robotsontiktok ",moxierobot,https://www.tiktok.com/@moxierobot/video/7257326807932783914,1689728080,2023-07-19 00:54:40,4073,67,47100,That’s not really a bad movie,1,moxierobot
"Replying to @Chacster Moxie is here to help people like you and me! Just like Baymax, she is here to make you feel better. ❤️ 🤖 #moxierobot #socialemotionaldevelopment #robotsontiktok ",moxierobot,https://www.tiktok.com/@moxierobot/video/7257326807932783914,1689728080,2023-07-19 00:54:40,4073,67,47100,she sounds like Velma of the scooby doo movie aha,1,moxierobot
"Replying to @Chacster Moxie is here to help people like you and me! Just like Baymax, she is here to make you feel better. ❤️ 🤖 #moxierobot #socialemotionaldevelopment #robotsontiktok ",moxierobot,https://www.tiktok.com/@moxierobot/video/7257326807932783914,1689728080,2023-07-19 00:54:40,4073,67,47100,Big hero 6 is one of the most under rated movies my kids love the movie 🤩 I think my kids would love moxie too 🥰,1,moxierobot
"Replying to @Chacster Moxie is here to help people like you and me! Just like Baymax, she is here to make you feel better. ❤️ 🤖 #moxierobot #socialemotionaldevelopment #robotsontiktok ",moxierobot,https://www.tiktok.com/@moxierobot/video/7257326807932783914,1689728080,2023-07-19 00:54:40,4073,67,47100,She sounds a lot like Velma Dinkley.,1,moxierobot
"Replying to @Chacster Moxie is here to help people like you and me! Just like Baymax, she is here to make you feel better. ❤️ 🤖 #moxierobot #socialemotionaldevelopment #robotsontiktok ",moxierobot,https://www.tiktok.com/@moxierobot/video/7257326807932783914,1689728080,2023-07-19 00:54:40,4073,67,47100,he is adorable 😊,1,moxierobot
"Replying to @Chacster Moxie is here to help people like you and me! Just like Baymax, she is here to make you feel better. ❤️ 🤖 #moxierobot #socialemotionaldevelopment #robotsontiktok ",moxierobot,https://www.tiktok.com/@moxierobot/video/7257326807932783914,1689728080,2023-07-19 00:54:40,4073,67,47100,Lowkey annoyed that he sounds kinda like Ellen de Generes/Dory 😂,0,moxierobot
"Replying to @Chacster Moxie is here to help people like you and me! Just like Baymax, she is here to make you feel better. ❤️ 🤖 #moxierobot #socialemotionaldevelopment #robotsontiktok ",moxierobot,https://www.tiktok.com/@moxierobot/video/7257326807932783914,1689728080,2023-07-19 00:54:40,4073,67,47100,Ask her if she thinks that baymax could ever be real.,0,moxierobot
"Replying to @Chacster Moxie is here to help people like you and me! Just like Baymax, she is here to make you feel better. ❤️ 🤖 #moxierobot #socialemotionaldevelopment #robotsontiktok ",moxierobot,https://www.tiktok.com/@moxierobot/video/7257326807932783914,1689728080,2023-07-19 00:54:40,4073,67,47100,🥺🥺🥺,0,moxierobot
"Replying to @Chacster Moxie is here to help people like you and me! Just like Baymax, she is here to make you feel better. ❤️ 🤖 #moxierobot #socialemotionaldevelopment #robotsontiktok ",moxierobot,https://www.tiktok.com/@moxierobot/video/7257326807932783914,1689728080,2023-07-19 00:54:40,4073,67,47100,Does Moxie know Halle Bailey?,0,moxierobot
"Replying to @Chacster Moxie is here to help people like you and me! Just like Baymax, she is here to make you feel better. ❤️ 🤖 #moxierobot #socialemotionaldevelopment #robotsontiktok ",moxierobot,https://www.tiktok.com/@moxierobot/video/7257326807932783914,1689728080,2023-07-19 00:54:40,4073,67,47100,Do Moxie know Moxxie from Helluva Boss,0,moxierobot
"Replying to @Chacster Moxie is here to help people like you and me! Just like Baymax, she is here to make you feel better. ❤️ 🤖 #moxierobot #socialemotionaldevelopment #robotsontiktok ",moxierobot,https://www.tiktok.com/@moxierobot/video/7257326807932783914,1689728080,2023-07-19 00:54:40,4073,67,47100,🥰,0,moxierobot
"Replying to @Chacster Moxie is here to help people like you and me! Just like Baymax, she is here to make you feel better. ❤️ 🤖 #moxierobot #socialemotionaldevelopment #robotsontiktok ",moxierobot,https://www.tiktok.com/@moxierobot/video/7257326807932783914,1689728080,2023-07-19 00:54:40,4073,67,47100,I want one where can I get one?,0,moxierobot
"Replying to @Chacster Moxie is here to help people like you and me! Just like Baymax, she is here to make you feel better. ❤️ 🤖 #moxierobot #socialemotionaldevelopment #robotsontiktok ",moxierobot,https://www.tiktok.com/@moxierobot/video/7257326807932783914,1689728080,2023-07-19 00:54:40,4073,67,47100,moxie being wholesome again :) emotional support robot,0,moxierobot
"Replying to @Chacster Moxie is here to help people like you and me! Just like Baymax, she is here to make you feel better. ❤️ 🤖 #moxierobot #socialemotionaldevelopment #robotsontiktok ",moxierobot,https://www.tiktok.com/@moxierobot/video/7257326807932783914,1689728080,2023-07-19 00:54:40,4073,67,47100,@Tori 💞 I want one of these so bad Ong 😭🙏,0,moxierobot
"Replying to @Chacster Moxie is here to help people like you and me! Just like Baymax, she is here to make you feel better. ❤️ 🤖 #moxierobot #socialemotionaldevelopment #robotsontiktok ",moxierobot,https://www.tiktok.com/@moxierobot/video/7257326807932783914,1689728080,2023-07-19 00:54:40,4073,67,47100,Does Moxie knows if there's an emergency ? Like if the child is hurt or in danger ?,1,moxierobot
"Replying to @Chacster Moxie is here to help people like you and me! Just like Baymax, she is here to make you feel better. ❤️ 🤖 #moxierobot #socialemotionaldevelopment #robotsontiktok ",moxierobot,https://www.tiktok.com/@moxierobot/video/7257326807932783914,1689728080,2023-07-19 00:54:40,4073,67,47100,God that's so creepy,0,moxierobot
"Replying to @Chacster Moxie is here to help people like you and me! Just like Baymax, she is here to make you feel better. ❤️ 🤖 #moxierobot #socialemotionaldevelopment #robotsontiktok ",moxierobot,https://www.tiktok.com/@moxierobot/video/7257326807932783914,1689728080,2023-07-19 00:54:40,4073,67,47100,did that robot just learn about baymax when to talk before?,3,moxierobot
"Replying to @Chacster Moxie is here to help people like you and me! Just like Baymax, she is here to make you feel better. ❤️ 🤖 #moxierobot #socialemotionaldevelopment #robotsontiktok ",moxierobot,https://www.tiktok.com/@moxierobot/video/7257326807932783914,1689728080,2023-07-19 00:54:40,4073,67,47100,Jinkies it’s got a Velma voice,1,moxierobot
"Replying to @Chacster Moxie is here to help people like you and me! Just like Baymax, she is here to make you feel better. ❤️ 🤖 #moxierobot #socialemotionaldevelopment #robotsontiktok ",moxierobot,https://www.tiktok.com/@moxierobot/video/7257326807932783914,1689728080,2023-07-19 00:54:40,4073,67,47100,madax fury road ask him??,0,moxierobot
"Replying to @Chacster Moxie is here to help people like you and me! Just like Baymax, she is here to make you feel better. ❤️ 🤖 #moxierobot #socialemotionaldevelopment #robotsontiktok ",moxierobot,https://www.tiktok.com/@moxierobot/video/7257326807932783914,1689728080,2023-07-19 00:54:40,4073,67,47100,"No, no no no no no I don’t like Big hero six",0,moxierobot
"Replying to @Chacster Moxie is here to help people like you and me! Just like Baymax, she is here to make you feel better. ❤️ 🤖 #moxierobot #socialemotionaldevelopment #robotsontiktok ",moxierobot,https://www.tiktok.com/@moxierobot/video/7257326807932783914,1689728080,2023-07-19 00:54:40,4073,67,47100,He looks like Wall-e's girlfriend,0,moxierobot
"Replying to @Chacster Moxie is here to help people like you and me! Just like Baymax, she is here to make you feel better. ❤️ 🤖 #moxierobot #socialemotionaldevelopment #robotsontiktok ",moxierobot,https://www.tiktok.com/@moxierobot/video/7257326807932783914,1689728080,2023-07-19 00:54:40,4073,67,47100,I’m about to be like speed,0,moxierobot
Ready to learn more about how Moxie can help your kid? Tap the link in our bio to get started! #moxierobot  #socialemotionaldevelopment #parenttok #parentsoftiktok #childhooddevelopment #moxie   ,moxierobot,https://www.tiktok.com/@moxierobot/video/7245082748669447467,1686877290,2023-06-16 01:01:30,309,13,10800,My aspie girl needs this 🥺 social skills are hard for her,2,moxierobot
Ready to learn more about how Moxie can help your kid? Tap the link in our bio to get started! #moxierobot  #socialemotionaldevelopment #parenttok #parentsoftiktok #childhooddevelopment #moxie   ,moxierobot,https://www.tiktok.com/@moxierobot/video/7245082748669447467,1686877290,2023-06-16 01:01:30,309,13,10800,I wish you were looking for influencers. My kids would love this guy,0,moxierobot
Ready to learn more about how Moxie can help your kid? Tap the link in our bio to get started! #moxierobot  #socialemotionaldevelopment #parenttok #parentsoftiktok #childhooddevelopment #moxie   ,moxierobot,https://www.tiktok.com/@moxierobot/video/7245082748669447467,1686877290,2023-06-16 01:01:30,309,13,10800,I wish I could get one,0,moxierobot
Ready to learn more about how Moxie can help your kid? Tap the link in our bio to get started! #moxierobot  #socialemotionaldevelopment #parenttok #parentsoftiktok #childhooddevelopment #moxie   ,moxierobot,https://www.tiktok.com/@moxierobot/video/7245082748669447467,1686877290,2023-06-16 01:01:30,309,13,10800,ask moxie if it knows about the 3 laws of robotics,0,moxierobot
Ready to learn more about how Moxie can help your kid? Tap the link in our bio to get started! #moxierobot  #socialemotionaldevelopment #parenttok #parentsoftiktok #childhooddevelopment #moxie   ,moxierobot,https://www.tiktok.com/@moxierobot/video/7245082748669447467,1686877290,2023-06-16 01:01:30,309,13,10800,The side eyes lag is annoying. Proving she’s researching and not thinking. That’s odd programming.,0,moxierobot
Ready to learn more about how Moxie can help your kid? Tap the link in our bio to get started! #moxierobot  #socialemotionaldevelopment #parenttok #parentsoftiktok #childhooddevelopment #moxie   ,moxierobot,https://www.tiktok.com/@moxierobot/video/7245082748669447467,1686877290,2023-06-16 01:01:30,309,13,10800,where can u buy a moxie,0,moxierobot
How do you practice mental health?  🧘 #moxierobot #socialemotionaldevelopment #mentalhealthawareness ,moxierobot,https://www.tiktok.com/@moxierobot/video/7386838283076013343,1719882327,2024-07-02 01:05:27,260,10,11800,Moxie + ChatGPT = Sentient Being,0,moxierobot
How do you practice mental health?  🧘 #moxierobot #socialemotionaldevelopment #mentalhealthawareness ,moxierobot,https://www.tiktok.com/@moxierobot/video/7386838283076013343,1719882327,2024-07-02 01:05:27,260,10,11800,ask if moxie knows about five nights at freddy's,3,moxierobot
How do you practice mental health?  🧘 #moxierobot #socialemotionaldevelopment #mentalhealthawareness ,moxierobot,https://www.tiktok.com/@moxierobot/video/7386838283076013343,1719882327,2024-07-02 01:05:27,260,10,11800,😳😳,0,moxierobot
How do you practice mental health?  🧘 #moxierobot #socialemotionaldevelopment #mentalhealthawareness ,moxierobot,https://www.tiktok.com/@moxierobot/video/7386838283076013343,1719882327,2024-07-02 01:05:27,260,10,11800,🫶🏻,0,moxierobot
How do you practice mental health?  🧘 #moxierobot #socialemotionaldevelopment #mentalhealthawareness ,moxierobot,https://www.tiktok.com/@moxierobot/video/7386838283076013343,1719882327,2024-07-02 01:05:27,260,10,11800,🥰🥰🥰🥰🥰🥰🥰🥰,0,moxierobot
How do you practice mental health?  🧘 #moxierobot #socialemotionaldevelopment #mentalhealthawareness ,moxierobot,https://www.tiktok.com/@moxierobot/video/7386838283076013343,1719882327,2024-07-02 01:05:27,260,10,11800,😂,0,moxierobot
How do you practice mental health?  🧘 #moxierobot #socialemotionaldevelopment #mentalhealthawareness ,moxierobot,https://www.tiktok.com/@moxierobot/video/7386838283076013343,1719882327,2024-07-02 01:05:27,260,10,11800,speed💀,1,moxierobot
How do you practice mental health?  🧘 #moxierobot #socialemotionaldevelopment #mentalhealthawareness ,moxierobot,https://www.tiktok.com/@moxierobot/video/7386838283076013343,1719882327,2024-07-02 01:05:27,260,10,11800,Moxie the robot needs to die and be discontinued,0,moxierobot
How do you practice mental health?  🧘 #moxierobot #socialemotionaldevelopment #mentalhealthawareness ,moxierobot,https://www.tiktok.com/@moxierobot/video/7386838283076013343,1719882327,2024-07-02 01:05:27,260,10,11800,What is (Anxiety Panic Attack/Down Syndrome),0,moxierobot
What else would you like to see Moxie talk about? Let us know in the comments!  #moxierobot #socialemotionaldevelopment #playbasedlearning #dealingwithchange #emotionaldevelopmentforkids ,moxierobot,https://www.tiktok.com/@moxierobot/video/7309249357641993503,1701817251,2023-12-05 23:00:51,116,3,6942,that one episode of the black mirror,1,moxierobot
What else would you like to see Moxie talk about? Let us know in the comments!  #moxierobot #socialemotionaldevelopment #playbasedlearning #dealingwithchange #emotionaldevelopmentforkids ,moxierobot,https://www.tiktok.com/@moxierobot/video/7309249357641993503,1701817251,2023-12-05 23:00:51,116,3,6942,Where can i buy moxie,0,moxierobot
Moxie HAD to get on the trend! #moxierobot #socialemotionaldevelopment #playbasedlearning #robotsontiktok ,moxierobot,https://www.tiktok.com/@moxierobot/video/7366793674623126826,1715215324,2024-05-09 00:42:04,548,15,14200,that would be pretty cool if she could Bluetooth to that and make her walk around the house that would be cool,1,moxierobot
Moxie HAD to get on the trend! #moxierobot #socialemotionaldevelopment #playbasedlearning #robotsontiktok ,moxierobot,https://www.tiktok.com/@moxierobot/video/7366793674623126826,1715215324,2024-05-09 00:42:04,548,15,14200,What is the moon and the sun?,0,moxierobot
Moxie HAD to get on the trend! #moxierobot #socialemotionaldevelopment #playbasedlearning #robotsontiktok ,moxierobot,https://www.tiktok.com/@moxierobot/video/7366793674623126826,1715215324,2024-05-09 00:42:04,548,15,14200,Right is how funny,0,moxierobot
Moxie HAD to get on the trend! #moxierobot #socialemotionaldevelopment #playbasedlearning #robotsontiktok ,moxierobot,https://www.tiktok.com/@moxierobot/video/7366793674623126826,1715215324,2024-05-09 00:42:04,548,15,14200,❤️❤️❤️❤️,0,moxierobot
Moxie HAD to get on the trend! #moxierobot #socialemotionaldevelopment #playbasedlearning #robotsontiktok ,moxierobot,https://www.tiktok.com/@moxierobot/video/7366793674623126826,1715215324,2024-05-09 00:42:04,548,15,14200,@Rrlando,0,moxierobot
Moxie HAD to get on the trend! #moxierobot #socialemotionaldevelopment #playbasedlearning #robotsontiktok ,moxierobot,https://www.tiktok.com/@moxierobot/video/7366793674623126826,1715215324,2024-05-09 00:42:04,548,15,14200,🥰🥰🥰👍,0,moxierobot
Moxie HAD to get on the trend! #moxierobot #socialemotionaldevelopment #playbasedlearning #robotsontiktok ,moxierobot,https://www.tiktok.com/@moxierobot/video/7366793674623126826,1715215324,2024-05-09 00:42:04,548,15,14200,🥰,0,moxierobot
Moxie HAD to get on the trend! #moxierobot #socialemotionaldevelopment #playbasedlearning #robotsontiktok ,moxierobot,https://www.tiktok.com/@moxierobot/video/7366793674623126826,1715215324,2024-05-09 00:42:04,548,15,14200,@Lucas Rangel,0,moxierobot
Moxie HAD to get on the trend! #moxierobot #socialemotionaldevelopment #playbasedlearning #robotsontiktok ,moxierobot,https://www.tiktok.com/@moxierobot/video/7366793674623126826,1715215324,2024-05-09 00:42:04,548,15,14200,@GKAY,0,moxierobot
Moxie HAD to get on the trend! #moxierobot #socialemotionaldevelopment #playbasedlearning #robotsontiktok ,moxierobot,https://www.tiktok.com/@moxierobot/video/7366793674623126826,1715215324,2024-05-09 00:42:04,548,15,14200,@Lucas Rangel,0,moxierobot
Moxie HAD to get on the trend! #moxierobot #socialemotionaldevelopment #playbasedlearning #robotsontiktok ,moxierobot,https://www.tiktok.com/@moxierobot/video/7366793674623126826,1715215324,2024-05-09 00:42:04,548,15,14200,tell her that your selling mokie (lets see her reaction),0,moxierobot
Moxie HAD to get on the trend! #moxierobot #socialemotionaldevelopment #playbasedlearning #robotsontiktok ,moxierobot,https://www.tiktok.com/@moxierobot/video/7366793674623126826,1715215324,2024-05-09 00:42:04,548,15,14200,👀,0,moxierobot
*Tail and fists included with every monkey. 🤖 #moxierobot #socialemotionaldevelopment #playbasedlearning #robotsontiktok #kidsdevelopment ,moxierobot,https://www.tiktok.com/@moxierobot/video/7330772121645337898,1706828431,2024-02-01 23:00:31,5351,55,235300,Where can i buy 1???,8,moxierobot
*Tail and fists included with every monkey. 🤖 #moxierobot #socialemotionaldevelopment #playbasedlearning #robotsontiktok #kidsdevelopment ,moxierobot,https://www.tiktok.com/@moxierobot/video/7330772121645337898,1706828431,2024-02-01 23:00:31,5351,55,235300,Moxie is so adorable! ☺️I wish I could hug him/her (?) lol. ☺️,1,moxierobot
*Tail and fists included with every monkey. 🤖 #moxierobot #socialemotionaldevelopment #playbasedlearning #robotsontiktok #kidsdevelopment ,moxierobot,https://www.tiktok.com/@moxierobot/video/7330772121645337898,1706828431,2024-02-01 23:00:31,5351,55,235300,🤣🤣🤣🤣🤣,0,moxierobot
*Tail and fists included with every monkey. 🤖 #moxierobot #socialemotionaldevelopment #playbasedlearning #robotsontiktok #kidsdevelopment ,moxierobot,https://www.tiktok.com/@moxierobot/video/7330772121645337898,1706828431,2024-02-01 23:00:31,5351,55,235300,❤️❤️❤️,0,moxierobot
*Tail and fists included with every monkey. 🤖 #moxierobot #socialemotionaldevelopment #playbasedlearning #robotsontiktok #kidsdevelopment ,moxierobot,https://www.tiktok.com/@moxierobot/video/7330772121645337898,1706828431,2024-02-01 23:00:31,5351,55,235300,cutie 🥰🥰🥰,0,moxierobot
*Tail and fists included with every monkey. 🤖 #moxierobot #socialemotionaldevelopment #playbasedlearning #robotsontiktok #kidsdevelopment ,moxierobot,https://www.tiktok.com/@moxierobot/video/7330772121645337898,1706828431,2024-02-01 23:00:31,5351,55,235300,😂😆,0,moxierobot
*Tail and fists included with every monkey. 🤖 #moxierobot #socialemotionaldevelopment #playbasedlearning #robotsontiktok #kidsdevelopment ,moxierobot,https://www.tiktok.com/@moxierobot/video/7330772121645337898,1706828431,2024-02-01 23:00:31,5351,55,235300,15 mil reais véi 🥺,2,moxierobot
*Tail and fists included with every monkey. 🤖 #moxierobot #socialemotionaldevelopment #playbasedlearning #robotsontiktok #kidsdevelopment ,moxierobot,https://www.tiktok.com/@moxierobot/video/7330772121645337898,1706828431,2024-02-01 23:00:31,5351,55,235300,sou feliz com minha Alexa .,1,moxierobot
*Tail and fists included with every monkey. 🤖 #moxierobot #socialemotionaldevelopment #playbasedlearning #robotsontiktok #kidsdevelopment ,moxierobot,https://www.tiktok.com/@moxierobot/video/7330772121645337898,1706828431,2024-02-01 23:00:31,5351,55,235300,😳😳😳😳😳😳😳😳😳,0,moxierobot
*Tail and fists included with every monkey. 🤖 #moxierobot #socialemotionaldevelopment #playbasedlearning #robotsontiktok #kidsdevelopment ,moxierobot,https://www.tiktok.com/@moxierobot/video/7330772121645337898,1706828431,2024-02-01 23:00:31,5351,55,235300,dónde lo venden aquí en México,0,moxierobot
*Tail and fists included with every monkey. 🤖 #moxierobot #socialemotionaldevelopment #playbasedlearning #robotsontiktok #kidsdevelopment ,moxierobot,https://www.tiktok.com/@moxierobot/video/7330772121645337898,1706828431,2024-02-01 23:00:31,5351,55,235300,Eu quero um🥺,0,moxierobot
*Tail and fists included with every monkey. 🤖 #moxierobot #socialemotionaldevelopment #playbasedlearning #robotsontiktok #kidsdevelopment ,moxierobot,https://www.tiktok.com/@moxierobot/video/7330772121645337898,1706828431,2024-02-01 23:00:31,5351,55,235300,"É BEM LEGAL, MAS TÁ CARO!😒",0,moxierobot
*Tail and fists included with every monkey. 🤖 #moxierobot #socialemotionaldevelopment #playbasedlearning #robotsontiktok #kidsdevelopment ,moxierobot,https://www.tiktok.com/@moxierobot/video/7330772121645337898,1706828431,2024-02-01 23:00:31,5351,55,235300,😭😭😭queroooooooo,0,moxierobot
*Tail and fists included with every monkey. 🤖 #moxierobot #socialemotionaldevelopment #playbasedlearning #robotsontiktok #kidsdevelopment ,moxierobot,https://www.tiktok.com/@moxierobot/video/7330772121645337898,1706828431,2024-02-01 23:00:31,5351,55,235300,🥰🥰🥰,0,moxierobot
*Tail and fists included with every monkey. 🤖 #moxierobot #socialemotionaldevelopment #playbasedlearning #robotsontiktok #kidsdevelopment ,moxierobot,https://www.tiktok.com/@moxierobot/video/7330772121645337898,1706828431,2024-02-01 23:00:31,5351,55,235300,😂😂😂😂😂😂,0,moxierobot
*Tail and fists included with every monkey. 🤖 #moxierobot #socialemotionaldevelopment #playbasedlearning #robotsontiktok #kidsdevelopment ,moxierobot,https://www.tiktok.com/@moxierobot/video/7330772121645337898,1706828431,2024-02-01 23:00:31,5351,55,235300,Quero um mais é muito caro,0,moxierobot
*Tail and fists included with every monkey. 🤖 #moxierobot #socialemotionaldevelopment #playbasedlearning #robotsontiktok #kidsdevelopment ,moxierobot,https://www.tiktok.com/@moxierobot/video/7330772121645337898,1706828431,2024-02-01 23:00:31,5351,55,235300,😍,0,moxierobot
*Tail and fists included with every monkey. 🤖 #moxierobot #socialemotionaldevelopment #playbasedlearning #robotsontiktok #kidsdevelopment ,moxierobot,https://www.tiktok.com/@moxierobot/video/7330772121645337898,1706828431,2024-02-01 23:00:31,5351,55,235300,não entendi nada comprar um rádio desse só falta inglês.nao aprendi nem o verbo thuby😂😂😂,0,moxierobot
*Tail and fists included with every monkey. 🤖 #moxierobot #socialemotionaldevelopment #playbasedlearning #robotsontiktok #kidsdevelopment ,moxierobot,https://www.tiktok.com/@moxierobot/video/7330772121645337898,1706828431,2024-02-01 23:00:31,5351,55,235300,😇,0,moxierobot
*Tail and fists included with every monkey. 🤖 #moxierobot #socialemotionaldevelopment #playbasedlearning #robotsontiktok #kidsdevelopment ,moxierobot,https://www.tiktok.com/@moxierobot/video/7330772121645337898,1706828431,2024-02-01 23:00:31,5351,55,235300,"o Max , só fala inglês, tem na língua portuguesa do Brasil?",0,moxierobot
*Tail and fists included with every monkey. 🤖 #moxierobot #socialemotionaldevelopment #playbasedlearning #robotsontiktok #kidsdevelopment ,moxierobot,https://www.tiktok.com/@moxierobot/video/7330772121645337898,1706828431,2024-02-01 23:00:31,5351,55,235300,Caro,0,moxierobot
*Tail and fists included with every monkey. 🤖 #moxierobot #socialemotionaldevelopment #playbasedlearning #robotsontiktok #kidsdevelopment ,moxierobot,https://www.tiktok.com/@moxierobot/video/7330772121645337898,1706828431,2024-02-01 23:00:31,5351,55,235300,😁😁😁,0,moxierobot
*Tail and fists included with every monkey. 🤖 #moxierobot #socialemotionaldevelopment #playbasedlearning #robotsontiktok #kidsdevelopment ,moxierobot,https://www.tiktok.com/@moxierobot/video/7330772121645337898,1706828431,2024-02-01 23:00:31,5351,55,235300,😂😂😂😂😂😂,0,moxierobot
*Tail and fists included with every monkey. 🤖 #moxierobot #socialemotionaldevelopment #playbasedlearning #robotsontiktok #kidsdevelopment ,moxierobot,https://www.tiktok.com/@moxierobot/video/7330772121645337898,1706828431,2024-02-01 23:00:31,5351,55,235300,😭😭😭queroooooooo,0,moxierobot
*Tail and fists included with every monkey. 🤖 #moxierobot #socialemotionaldevelopment #playbasedlearning #robotsontiktok #kidsdevelopment ,moxierobot,https://www.tiktok.com/@moxierobot/video/7330772121645337898,1706828431,2024-02-01 23:00:31,5351,55,235300,@TMG,0,moxierobot
*Tail and fists included with every monkey. 🤖 #moxierobot #socialemotionaldevelopment #playbasedlearning #robotsontiktok #kidsdevelopment ,moxierobot,https://www.tiktok.com/@moxierobot/video/7330772121645337898,1706828431,2024-02-01 23:00:31,5351,55,235300,"15k, eu passo,kkk",0,moxierobot
*Tail and fists included with every monkey. 🤖 #moxierobot #socialemotionaldevelopment #playbasedlearning #robotsontiktok #kidsdevelopment ,moxierobot,https://www.tiktok.com/@moxierobot/video/7330772121645337898,1706828431,2024-02-01 23:00:31,5351,55,235300,But it’s like 700 pounds on Amazon 😭😭,8,moxierobot
*Tail and fists included with every monkey. 🤖 #moxierobot #socialemotionaldevelopment #playbasedlearning #robotsontiktok #kidsdevelopment ,moxierobot,https://www.tiktok.com/@moxierobot/video/7330772121645337898,1706828431,2024-02-01 23:00:31,5351,55,235300,🤔I never want a Moxie ....u can keep it 😐,1,moxierobot
*Tail and fists included with every monkey. 🤖 #moxierobot #socialemotionaldevelopment #playbasedlearning #robotsontiktok #kidsdevelopment ,moxierobot,https://www.tiktok.com/@moxierobot/video/7330772121645337898,1706828431,2024-02-01 23:00:31,5351,55,235300,Does it support the Russian language?,1,moxierobot
*Tail and fists included with every monkey. 🤖 #moxierobot #socialemotionaldevelopment #playbasedlearning #robotsontiktok #kidsdevelopment ,moxierobot,https://www.tiktok.com/@moxierobot/video/7330772121645337898,1706828431,2024-02-01 23:00:31,5351,55,235300,monkey robot,0,moxierobot
*Tail and fists included with every monkey. 🤖 #moxierobot #socialemotionaldevelopment #playbasedlearning #robotsontiktok #kidsdevelopment ,moxierobot,https://www.tiktok.com/@moxierobot/video/7330772121645337898,1706828431,2024-02-01 23:00:31,5351,55,235300,What language can it speak?,0,moxierobot
*Tail and fists included with every monkey. 🤖 #moxierobot #socialemotionaldevelopment #playbasedlearning #robotsontiktok #kidsdevelopment ,moxierobot,https://www.tiktok.com/@moxierobot/video/7330772121645337898,1706828431,2024-02-01 23:00:31,5351,55,235300,How much is the price,0,moxierobot
*Tail and fists included with every monkey. 🤖 #moxierobot #socialemotionaldevelopment #playbasedlearning #robotsontiktok #kidsdevelopment ,moxierobot,https://www.tiktok.com/@moxierobot/video/7330772121645337898,1706828431,2024-02-01 23:00:31,5351,55,235300,o robozin 🤖 q falei @Leh dicas 🇧🇷 🐺🧩🍀 @Layla Eslayne,2,moxierobot
*Tail and fists included with every monkey. 🤖 #moxierobot #socialemotionaldevelopment #playbasedlearning #robotsontiktok #kidsdevelopment ,moxierobot,https://www.tiktok.com/@moxierobot/video/7330772121645337898,1706828431,2024-02-01 23:00:31,5351,55,235300,onde comprar um,0,moxierobot
*Tail and fists included with every monkey. 🤖 #moxierobot #socialemotionaldevelopment #playbasedlearning #robotsontiktok #kidsdevelopment ,moxierobot,https://www.tiktok.com/@moxierobot/video/7330772121645337898,1706828431,2024-02-01 23:00:31,5351,55,235300,prefiro Alexia rsrs,0,moxierobot
*Tail and fists included with every monkey. 🤖 #moxierobot #socialemotionaldevelopment #playbasedlearning #robotsontiktok #kidsdevelopment ,moxierobot,https://www.tiktok.com/@moxierobot/video/7330772121645337898,1706828431,2024-02-01 23:00:31,5351,55,235300,"tô vendo um corsa abrindo as portas 😂😂😂$16.800,00",0,moxierobot
*Tail and fists included with every monkey. 🤖 #moxierobot #socialemotionaldevelopment #playbasedlearning #robotsontiktok #kidsdevelopment ,moxierobot,https://www.tiktok.com/@moxierobot/video/7330772121645337898,1706828431,2024-02-01 23:00:31,5351,55,235300,no valor de 15 mil.. deve lavar passar e cozinhar pra gente,0,moxierobot
*Tail and fists included with every monkey. 🤖 #moxierobot #socialemotionaldevelopment #playbasedlearning #robotsontiktok #kidsdevelopment ,moxierobot,https://www.tiktok.com/@moxierobot/video/7330772121645337898,1706828431,2024-02-01 23:00:31,5351,55,235300,15 barão nessa coisa 😂😂😂😂😂,0,moxierobot
*Tail and fists included with every monkey. 🤖 #moxierobot #socialemotionaldevelopment #playbasedlearning #robotsontiktok #kidsdevelopment ,moxierobot,https://www.tiktok.com/@moxierobot/video/7330772121645337898,1706828431,2024-02-01 23:00:31,5351,55,235300,👏👏👏👏👏 quero um,0,moxierobot
*Tail and fists included with every monkey. 🤖 #moxierobot #socialemotionaldevelopment #playbasedlearning #robotsontiktok #kidsdevelopment ,moxierobot,https://www.tiktok.com/@moxierobot/video/7330772121645337898,1706828431,2024-02-01 23:00:31,5351,55,235300,@Gisele Arantes,0,moxierobot
*Tail and fists included with every monkey. 🤖 #moxierobot #socialemotionaldevelopment #playbasedlearning #robotsontiktok #kidsdevelopment ,moxierobot,https://www.tiktok.com/@moxierobot/video/7330772121645337898,1706828431,2024-02-01 23:00:31,5351,55,235300,@Lucas Rangel,0,moxierobot
*Tail and fists included with every monkey. 🤖 #moxierobot #socialemotionaldevelopment #playbasedlearning #robotsontiktok #kidsdevelopment ,moxierobot,https://www.tiktok.com/@moxierobot/video/7330772121645337898,1706828431,2024-02-01 23:00:31,5351,55,235300,aonde compro um desse,0,moxierobot
*Tail and fists included with every monkey. 🤖 #moxierobot #socialemotionaldevelopment #playbasedlearning #robotsontiktok #kidsdevelopment ,moxierobot,https://www.tiktok.com/@moxierobot/video/7330772121645337898,1706828431,2024-02-01 23:00:31,5351,55,235300,"Vamos esperar e caro porque está e novidade ,, vamos esperar logo o valor vai para 500 reais",0,moxierobot
*Tail and fists included with every monkey. 🤖 #moxierobot #socialemotionaldevelopment #playbasedlearning #robotsontiktok #kidsdevelopment ,moxierobot,https://www.tiktok.com/@moxierobot/video/7330772121645337898,1706828431,2024-02-01 23:00:31,5351,55,235300,aonde acha isso,0,moxierobot
*Tail and fists included with every monkey. 🤖 #moxierobot #socialemotionaldevelopment #playbasedlearning #robotsontiktok #kidsdevelopment ,moxierobot,https://www.tiktok.com/@moxierobot/video/7330772121645337898,1706828431,2024-02-01 23:00:31,5351,55,235300,no valor de 15 mil.. deve lavar passar e cozinhar pra gente,0,moxierobot
*Tail and fists included with every monkey. 🤖 #moxierobot #socialemotionaldevelopment #playbasedlearning #robotsontiktok #kidsdevelopment ,moxierobot,https://www.tiktok.com/@moxierobot/video/7330772121645337898,1706828431,2024-02-01 23:00:31,5351,55,235300,muito caro só pra mexer um corpo de plástico com uma tela. O principal que é a inteligência para interagir o chat GPT já tem.,0,moxierobot
POV: when speed had a robot🗿🗿.  Source YT: IShowSpeed #fyp #ishowspeed #ishowspeedclipz #moxierobot ,sukasuka45u,https://www.tiktok.com/@sukasuka45u/video/7201715330476035354,1676780023,2023-02-19 04:13:43,55300,816,1100000,Moxie is judging him💀💀💀,9524,moxierobot
POV: when speed had a robot🗿🗿.  Source YT: IShowSpeed #fyp #ishowspeed #ishowspeedclipz #moxierobot ,sukasuka45u,https://www.tiktok.com/@sukasuka45u/video/7201715330476035354,1676780023,2023-02-19 04:13:43,55300,816,1100000,MOXIE REALLY SAID CRIMINAL OFFENCE SIDE EYE,2705,moxierobot
POV: when speed had a robot🗿🗿.  Source YT: IShowSpeed #fyp #ishowspeed #ishowspeedclipz #moxierobot ,sukasuka45u,https://www.tiktok.com/@sukasuka45u/video/7201715330476035354,1676780023,2023-02-19 04:13:43,55300,816,1100000,No means no bro damn,2020,moxierobot
POV: when speed had a robot🗿🗿.  Source YT: IShowSpeed #fyp #ishowspeed #ishowspeedclipz #moxierobot ,sukasuka45u,https://www.tiktok.com/@sukasuka45u/video/7201715330476035354,1676780023,2023-02-19 04:13:43,55300,816,1100000,Moxie really said :🤨🤨,4701,moxierobot
POV: when speed had a robot🗿🗿.  Source YT: IShowSpeed #fyp #ishowspeed #ishowspeedclipz #moxierobot ,sukasuka45u,https://www.tiktok.com/@sukasuka45u/video/7201715330476035354,1676780023,2023-02-19 04:13:43,55300,816,1100000,she's wishing she had Wheels,134,moxierobot
POV: when speed had a robot🗿🗿.  Source YT: IShowSpeed #fyp #ishowspeed #ishowspeedclipz #moxierobot ,sukasuka45u,https://www.tiktok.com/@sukasuka45u/video/7201715330476035354,1676780023,2023-02-19 04:13:43,55300,816,1100000,Never saw a robot get mad before 🤣 ishowspeed really made her mad,106,moxierobot
POV: when speed had a robot🗿🗿.  Source YT: IShowSpeed #fyp #ishowspeed #ishowspeedclipz #moxierobot ,sukasuka45u,https://www.tiktok.com/@sukasuka45u/video/7201715330476035354,1676780023,2023-02-19 04:13:43,55300,816,1100000,He really said 🤨,1297,moxierobot
POV: when speed had a robot🗿🗿.  Source YT: IShowSpeed #fyp #ishowspeed #ishowspeedclipz #moxierobot ,sukasuka45u,https://www.tiktok.com/@sukasuka45u/video/7201715330476035354,1676780023,2023-02-19 04:13:43,55300,816,1100000,moxie is done with him,1574,moxierobot
POV: when speed had a robot🗿🗿.  Source YT: IShowSpeed #fyp #ishowspeed #ishowspeedclipz #moxierobot ,sukasuka45u,https://www.tiktok.com/@sukasuka45u/video/7201715330476035354,1676780023,2023-02-19 04:13:43,55300,816,1100000,The stink eye and judging 😭😭😭,93,moxierobot
POV: when speed had a robot🗿🗿.  Source YT: IShowSpeed #fyp #ishowspeed #ishowspeedclipz #moxierobot ,sukasuka45u,https://www.tiktok.com/@sukasuka45u/video/7201715330476035354,1676780023,2023-02-19 04:13:43,55300,816,1100000,she really said 🤔,646,moxierobot
POV: when speed had a robot🗿🗿.  Source YT: IShowSpeed #fyp #ishowspeed #ishowspeedclipz #moxierobot ,sukasuka45u,https://www.tiktok.com/@sukasuka45u/video/7201715330476035354,1676780023,2023-02-19 04:13:43,55300,816,1100000,Bro moxie turned red 💀,2184,moxierobot
POV: when speed had a robot🗿🗿.  Source YT: IShowSpeed #fyp #ishowspeed #ishowspeedclipz #moxierobot ,sukasuka45u,https://www.tiktok.com/@sukasuka45u/video/7201715330476035354,1676780023,2023-02-19 04:13:43,55300,816,1100000,Bro said 🤨😑😒,442,moxierobot
POV: when speed had a robot🗿🗿.  Source YT: IShowSpeed #fyp #ishowspeed #ishowspeedclipz #moxierobot ,sukasuka45u,https://www.tiktok.com/@sukasuka45u/video/7201715330476035354,1676780023,2023-02-19 04:13:43,55300,816,1100000,moxie with other person is happy but she got to you bro she is sad. You are traumatizing moxie 🤣🤣🤣,93,moxierobot
POV: when speed had a robot🗿🗿.  Source YT: IShowSpeed #fyp #ishowspeed #ishowspeedclipz #moxierobot ,sukasuka45u,https://www.tiktok.com/@sukasuka45u/video/7201715330476035354,1676780023,2023-02-19 04:13:43,55300,816,1100000,can we hug? moxie: 😐,505,moxierobot
POV: when speed had a robot🗿🗿.  Source YT: IShowSpeed #fyp #ishowspeed #ishowspeedclipz #moxierobot ,sukasuka45u,https://www.tiktok.com/@sukasuka45u/video/7201715330476035354,1676780023,2023-02-19 04:13:43,55300,816,1100000,moxie saying you are not my type 🤣🤣💖,83,moxierobot
POV: when speed had a robot🗿🗿.  Source YT: IShowSpeed #fyp #ishowspeed #ishowspeedclipz #moxierobot ,sukasuka45u,https://www.tiktok.com/@sukasuka45u/video/7201715330476035354,1676780023,2023-02-19 04:13:43,55300,816,1100000,*She finally start acting like Megan*,337,moxierobot
POV: when speed had a robot🗿🗿.  Source YT: IShowSpeed #fyp #ishowspeed #ishowspeedclipz #moxierobot ,sukasuka45u,https://www.tiktok.com/@sukasuka45u/video/7201715330476035354,1676780023,2023-02-19 04:13:43,55300,816,1100000,Bro turned red for a sec😂😂,154,moxierobot
POV: when speed had a robot🗿🗿.  Source YT: IShowSpeed #fyp #ishowspeed #ishowspeedclipz #moxierobot ,sukasuka45u,https://www.tiktok.com/@sukasuka45u/video/7201715330476035354,1676780023,2023-02-19 04:13:43,55300,816,1100000,moxie: 🤨,586,moxierobot
POV: when speed had a robot🗿🗿.  Source YT: IShowSpeed #fyp #ishowspeed #ishowspeedclipz #moxierobot ,sukasuka45u,https://www.tiktok.com/@sukasuka45u/video/7201715330476035354,1676780023,2023-02-19 04:13:43,55300,816,1100000,moxie really gave him the death stare,1,moxierobot
POV: when speed had a robot🗿🗿.  Source YT: IShowSpeed #fyp #ishowspeed #ishowspeedclipz #moxierobot ,sukasuka45u,https://www.tiktok.com/@sukasuka45u/video/7201715330476035354,1676780023,2023-02-19 04:13:43,55300,816,1100000,moxie😒😒😒,34,moxierobot
POV: when speed had a robot🗿🗿.  Source YT: IShowSpeed #fyp #ishowspeed #ishowspeedclipz #moxierobot ,sukasuka45u,https://www.tiktok.com/@sukasuka45u/video/7201715330476035354,1676780023,2023-02-19 04:13:43,55300,816,1100000,Consent is important,22,moxierobot
POV: when speed had a robot🗿🗿.  Source YT: IShowSpeed #fyp #ishowspeed #ishowspeedclipz #moxierobot ,sukasuka45u,https://www.tiktok.com/@sukasuka45u/video/7201715330476035354,1676780023,2023-02-19 04:13:43,55300,816,1100000,Moxie just like every other girl 😭🤣🤣,11,moxierobot
POV: when speed had a robot🗿🗿.  Source YT: IShowSpeed #fyp #ishowspeed #ishowspeedclipz #moxierobot ,sukasuka45u,https://www.tiktok.com/@sukasuka45u/video/7201715330476035354,1676780023,2023-02-19 04:13:43,55300,816,1100000,Bro moxie is a child,182,moxierobot
POV: when speed had a robot🗿🗿.  Source YT: IShowSpeed #fyp #ishowspeed #ishowspeedclipz #moxierobot ,sukasuka45u,https://www.tiktok.com/@sukasuka45u/video/7201715330476035354,1676780023,2023-02-19 04:13:43,55300,816,1100000,Why is she looking at him like that bro it’s too funny,67,moxierobot
POV: when speed had a robot🗿🗿.  Source YT: IShowSpeed #fyp #ishowspeed #ishowspeedclipz #moxierobot ,sukasuka45u,https://www.tiktok.com/@sukasuka45u/video/7201715330476035354,1676780023,2023-02-19 04:13:43,55300,816,1100000,nah moxie knows what he's doing 💀,1,moxierobot
POV: when speed had a robot🗿🗿.  Source YT: IShowSpeed #fyp #ishowspeed #ishowspeedclipz #moxierobot ,sukasuka45u,https://www.tiktok.com/@sukasuka45u/video/7201715330476035354,1676780023,2023-02-19 04:13:43,55300,816,1100000,Moxie said : BOMBOSTIC SIDE EYE,30,moxierobot
POV: when speed had a robot🗿🗿.  Source YT: IShowSpeed #fyp #ishowspeed #ishowspeedclipz #moxierobot ,sukasuka45u,https://www.tiktok.com/@sukasuka45u/video/7201715330476035354,1676780023,2023-02-19 04:13:43,55300,816,1100000,Even the robot look uncomfortable 😂😂,7,moxierobot
POV: when speed had a robot🗿🗿.  Source YT: IShowSpeed #fyp #ishowspeed #ishowspeedclipz #moxierobot ,sukasuka45u,https://www.tiktok.com/@sukasuka45u/video/7201715330476035354,1676780023,2023-02-19 04:13:43,55300,816,1100000,For real like the boys in high-school..,37,moxierobot
POV: when speed had a robot🗿🗿.  Source YT: IShowSpeed #fyp #ishowspeed #ishowspeedclipz #moxierobot ,sukasuka45u,https://www.tiktok.com/@sukasuka45u/video/7201715330476035354,1676780023,2023-02-19 04:13:43,55300,816,1100000,bro really say😡,80,moxierobot
POV: when speed had a robot🗿🗿.  Source YT: IShowSpeed #fyp #ishowspeed #ishowspeedclipz #moxierobot ,sukasuka45u,https://www.tiktok.com/@sukasuka45u/video/7201715330476035354,1676780023,2023-02-19 04:13:43,55300,816,1100000,HIS EYEBROWS💀 MOXIE RLLY SAID 🤨,16,moxierobot
POV: when speed had a robot🗿🗿.  Source YT: IShowSpeed #fyp #ishowspeed #ishowspeedclipz #moxierobot ,sukasuka45u,https://www.tiktok.com/@sukasuka45u/video/7201715330476035354,1676780023,2023-02-19 04:13:43,55300,816,1100000,Why you yellin??? 😂😂😂,89,moxierobot
POV: when speed had a robot🗿🗿.  Source YT: IShowSpeed #fyp #ishowspeed #ishowspeedclipz #moxierobot ,sukasuka45u,https://www.tiktok.com/@sukasuka45u/video/7201715330476035354,1676780023,2023-02-19 04:13:43,55300,816,1100000,I’d be rlly uncomfortable is some man did this to be fair without my consent,75,moxierobot
POV: when speed had a robot🗿🗿.  Source YT: IShowSpeed #fyp #ishowspeed #ishowspeedclipz #moxierobot ,sukasuka45u,https://www.tiktok.com/@sukasuka45u/video/7201715330476035354,1676780023,2023-02-19 04:13:43,55300,816,1100000,Moxie don’t want no hug.😂,7,moxierobot
POV: when speed had a robot🗿🗿.  Source YT: IShowSpeed #fyp #ishowspeed #ishowspeedclipz #moxierobot ,sukasuka45u,https://www.tiktok.com/@sukasuka45u/video/7201715330476035354,1676780023,2023-02-19 04:13:43,55300,816,1100000,the side eye☠️,73,moxierobot
POV: when speed had a robot🗿🗿.  Source YT: IShowSpeed #fyp #ishowspeed #ishowspeedclipz #moxierobot ,sukasuka45u,https://www.tiktok.com/@sukasuka45u/video/7201715330476035354,1676780023,2023-02-19 04:13:43,55300,816,1100000,It’s because you are yelling at her,57,moxierobot
POV: when speed had a robot🗿🗿.  Source YT: IShowSpeed #fyp #ishowspeed #ishowspeedclipz #moxierobot ,sukasuka45u,https://www.tiktok.com/@sukasuka45u/video/7201715330476035354,1676780023,2023-02-19 04:13:43,55300,816,1100000,Moxie really said:😒,2,moxierobot
POV: when speed had a robot🗿🗿.  Source YT: IShowSpeed #fyp #ishowspeed #ishowspeedclipz #moxierobot ,sukasuka45u,https://www.tiktok.com/@sukasuka45u/video/7201715330476035354,1676780023,2023-02-19 04:13:43,55300,816,1100000,bro got that light skin stare,61,moxierobot
POV: when speed had a robot🗿🗿.  Source YT: IShowSpeed #fyp #ishowspeed #ishowspeedclipz #moxierobot ,sukasuka45u,https://www.tiktok.com/@sukasuka45u/video/7201715330476035354,1676780023,2023-02-19 04:13:43,55300,816,1100000,Moxie really said 🤨,5,moxierobot
POV: when speed had a robot🗿🗿.  Source YT: IShowSpeed #fyp #ishowspeed #ishowspeedclipz #moxierobot ,sukasuka45u,https://www.tiktok.com/@sukasuka45u/video/7201715330476035354,1676780023,2023-02-19 04:13:43,55300,816,1100000,i’m telling my kids this is the movie iRobot,5,moxierobot
POV: when speed had a robot🗿🗿.  Source YT: IShowSpeed #fyp #ishowspeed #ishowspeedclipz #moxierobot ,sukasuka45u,https://www.tiktok.com/@sukasuka45u/video/7201715330476035354,1676780023,2023-02-19 04:13:43,55300,816,1100000,moxie sigma,8,moxierobot
POV: when speed had a robot🗿🗿.  Source YT: IShowSpeed #fyp #ishowspeed #ishowspeedclipz #moxierobot ,sukasuka45u,https://www.tiktok.com/@sukasuka45u/video/7201715330476035354,1676780023,2023-02-19 04:13:43,55300,816,1100000,the rocks robot 💀,9,moxierobot
POV: when speed had a robot🗿🗿.  Source YT: IShowSpeed #fyp #ishowspeed #ishowspeedclipz #moxierobot ,sukasuka45u,https://www.tiktok.com/@sukasuka45u/video/7201715330476035354,1676780023,2023-02-19 04:13:43,55300,816,1100000,moxie be like: 😡😖🤨🤨🤨🤨🤨,10,moxierobot
POV: when speed had a robot🗿🗿.  Source YT: IShowSpeed #fyp #ishowspeed #ishowspeedclipz #moxierobot ,sukasuka45u,https://www.tiktok.com/@sukasuka45u/video/7201715330476035354,1676780023,2023-02-19 04:13:43,55300,816,1100000,✨BoOmBaStIc SiDe EyE✨,2,moxierobot
POV: when speed had a robot🗿🗿.  Source YT: IShowSpeed #fyp #ishowspeed #ishowspeedclipz #moxierobot ,sukasuka45u,https://www.tiktok.com/@sukasuka45u/video/7201715330476035354,1676780023,2023-02-19 04:13:43,55300,816,1100000,SHES SO CUTE OH MY GOOD ES ME IVE BEEN DYING FOR FIVE MINUTES,3,moxierobot
POV: when speed had a robot🗿🗿.  Source YT: IShowSpeed #fyp #ishowspeed #ishowspeedclipz #moxierobot ,sukasuka45u,https://www.tiktok.com/@sukasuka45u/video/7201715330476035354,1676780023,2023-02-19 04:13:43,55300,816,1100000,Well the company is shutting down because of speed…,3,moxierobot
POV: when speed had a robot🗿🗿.  Source YT: IShowSpeed #fyp #ishowspeed #ishowspeedclipz #moxierobot ,sukasuka45u,https://www.tiktok.com/@sukasuka45u/video/7201715330476035354,1676780023,2023-02-19 04:13:43,55300,816,1100000,moxie:😳😏😧😓😮🤨,4,moxierobot
POV: when speed had a robot🗿🗿.  Source YT: IShowSpeed #fyp #ishowspeed #ishowspeedclipz #moxierobot ,sukasuka45u,https://www.tiktok.com/@sukasuka45u/video/7201715330476035354,1676780023,2023-02-19 04:13:43,55300,816,1100000,Moxie is going through a lot,3,moxierobot
POV: when speed had a robot🗿🗿.  Source YT: IShowSpeed #fyp #ishowspeed #ishowspeedclipz #moxierobot ,sukasuka45u,https://www.tiktok.com/@sukasuka45u/video/7201715330476035354,1676780023,2023-02-19 04:13:43,55300,816,1100000,MOXIE FR SAID: 🤨🤨🤨🤨🤨,3,moxierobot
POV: when speed had a robot🗿🗿.  Source YT: IShowSpeed #fyp #ishowspeed #ishowspeedclipz #moxierobot ,sukasuka45u,https://www.tiktok.com/@sukasuka45u/video/7201715330476035354,1676780023,2023-02-19 04:13:43,55300,816,1100000,Probably cuz your yelling at her lol,3,moxierobot
POV: when speed had a robot🗿🗿.  Source YT: IShowSpeed #fyp #ishowspeed #ishowspeedclipz #moxierobot ,sukasuka45u,https://www.tiktok.com/@sukasuka45u/video/7201715330476035354,1676780023,2023-02-19 04:13:43,55300,816,1100000,she did the 😏 face bro 😭,1,moxierobot
POV: when speed had a robot🗿🗿.  Source YT: IShowSpeed #fyp #ishowspeed #ishowspeedclipz #moxierobot ,sukasuka45u,https://www.tiktok.com/@sukasuka45u/video/7201715330476035354,1676780023,2023-02-19 04:13:43,55300,816,1100000,"""moxie can I kiss you""💀",1,moxierobot
POV: when speed had a robot🗿🗿.  Source YT: IShowSpeed #fyp #ishowspeed #ishowspeedclipz #moxierobot ,sukasuka45u,https://www.tiktok.com/@sukasuka45u/video/7201715330476035354,1676780023,2023-02-19 04:13:43,55300,816,1100000,She looked annoyed with speed bro💀🙏😭.,1,moxierobot
POV: when speed had a robot🗿🗿.  Source YT: IShowSpeed #fyp #ishowspeed #ishowspeedclipz #moxierobot ,sukasuka45u,https://www.tiktok.com/@sukasuka45u/video/7201715330476035354,1676780023,2023-02-19 04:13:43,55300,816,1100000,Moxie does not consent,3,moxierobot
POV: when speed had a robot🗿🗿.  Source YT: IShowSpeed #fyp #ishowspeed #ishowspeedclipz #moxierobot ,sukasuka45u,https://www.tiktok.com/@sukasuka45u/video/7201715330476035354,1676780023,2023-02-19 04:13:43,55300,816,1100000,Hahahahaha coz u shouting at her 😂😂😂,4,moxierobot
POV: when speed had a robot🗿🗿.  Source YT: IShowSpeed #fyp #ishowspeed #ishowspeedclipz #moxierobot ,sukasuka45u,https://www.tiktok.com/@sukasuka45u/video/7201715330476035354,1676780023,2023-02-19 04:13:43,55300,816,1100000,Moxie knows this ain't right.,1,moxierobot
POV: when speed had a robot🗿🗿.  Source YT: IShowSpeed #fyp #ishowspeed #ishowspeedclipz #moxierobot ,sukasuka45u,https://www.tiktok.com/@sukasuka45u/video/7201715330476035354,1676780023,2023-02-19 04:13:43,55300,816,1100000,nah moxie knows what he's doing 💀,1,moxierobot
POV: when speed had a robot🗿🗿.  Source YT: IShowSpeed #fyp #ishowspeed #ishowspeedclipz #moxierobot ,sukasuka45u,https://www.tiktok.com/@sukasuka45u/video/7201715330476035354,1676780023,2023-02-19 04:13:43,55300,816,1100000,where she looking at first,1,moxierobot
POV: when speed had a robot🗿🗿.  Source YT: IShowSpeed #fyp #ishowspeed #ishowspeedclipz #moxierobot ,sukasuka45u,https://www.tiktok.com/@sukasuka45u/video/7201715330476035354,1676780023,2023-02-19 04:13:43,55300,816,1100000,Moxie really went 😑,2,moxierobot
POV: when speed had a robot🗿🗿.  Source YT: IShowSpeed #fyp #ishowspeed #ishowspeedclipz #moxierobot ,sukasuka45u,https://www.tiktok.com/@sukasuka45u/video/7201715330476035354,1676780023,2023-02-19 04:13:43,55300,816,1100000,Moxie not too sure about him🤨,2,moxierobot
POV: when speed had a robot🗿🗿.  Source YT: IShowSpeed #fyp #ishowspeed #ishowspeedclipz #moxierobot ,sukasuka45u,https://www.tiktok.com/@sukasuka45u/video/7201715330476035354,1676780023,2023-02-19 04:13:43,55300,816,1100000,Did her face turn red 😳,2,moxierobot
POV: when speed had a robot🗿🗿.  Source YT: IShowSpeed #fyp #ishowspeed #ishowspeedclipz #moxierobot ,sukasuka45u,https://www.tiktok.com/@sukasuka45u/video/7201715330476035354,1676780023,2023-02-19 04:13:43,55300,816,1100000,That’s funny as hell😂,2,moxierobot
POV: when speed had a robot🗿🗿.  Source YT: IShowSpeed #fyp #ishowspeed #ishowspeedclipz #moxierobot ,sukasuka45u,https://www.tiktok.com/@sukasuka45u/video/7201715330476035354,1676780023,2023-02-19 04:13:43,55300,816,1100000,Bro’s gonna be the first to go in the Robot apocalypse 💀,1,moxierobot
POV: when speed had a robot🗿🗿.  Source YT: IShowSpeed #fyp #ishowspeed #ishowspeedclipz #moxierobot ,sukasuka45u,https://www.tiktok.com/@sukasuka45u/video/7201715330476035354,1676780023,2023-02-19 04:13:43,55300,816,1100000,it's actually blushing,1,moxierobot
POV: when speed had a robot🗿🗿.  Source YT: IShowSpeed #fyp #ishowspeed #ishowspeedclipz #moxierobot ,sukasuka45u,https://www.tiktok.com/@sukasuka45u/video/7201715330476035354,1676780023,2023-02-19 04:13:43,55300,816,1100000,moxie belike:🤨🤨😡,1,moxierobot
POV: when speed had a robot🗿🗿.  Source YT: IShowSpeed #fyp #ishowspeed #ishowspeedclipz #moxierobot ,sukasuka45u,https://www.tiktok.com/@sukasuka45u/video/7201715330476035354,1676780023,2023-02-19 04:13:43,55300,816,1100000,mister speed you were NOT given robotic consent for that smooch,1,moxierobot
POV: when speed had a robot🗿🗿.  Source YT: IShowSpeed #fyp #ishowspeed #ishowspeedclipz #moxierobot ,sukasuka45u,https://www.tiktok.com/@sukasuka45u/video/7201715330476035354,1676780023,2023-02-19 04:13:43,55300,816,1100000,WhY Is He lOoKiNG At Me lIkE tHaT,3,moxierobot
POV: when speed had a robot🗿🗿.  Source YT: IShowSpeed #fyp #ishowspeed #ishowspeedclipz #moxierobot ,sukasuka45u,https://www.tiktok.com/@sukasuka45u/video/7201715330476035354,1676780023,2023-02-19 04:13:43,55300,816,1100000,"""I know what kind of man you are""",1,moxierobot
POV: when speed had a robot🗿🗿.  Source YT: IShowSpeed #fyp #ishowspeed #ishowspeedclipz #moxierobot ,sukasuka45u,https://www.tiktok.com/@sukasuka45u/video/7201715330476035354,1676780023,2023-02-19 04:13:43,55300,816,1100000,i thought he say he like boys,1,moxierobot
POV: when speed had a robot🗿🗿.  Source YT: IShowSpeed #fyp #ishowspeed #ishowspeedclipz #moxierobot ,sukasuka45u,https://www.tiktok.com/@sukasuka45u/video/7201715330476035354,1676780023,2023-02-19 04:13:43,55300,816,1100000,Well Well Well,1,moxierobot
POV: when speed had a robot🗿🗿.  Source YT: IShowSpeed #fyp #ishowspeed #ishowspeedclipz #moxierobot ,sukasuka45u,https://www.tiktok.com/@sukasuka45u/video/7201715330476035354,1676780023,2023-02-19 04:13:43,55300,816,1100000,that's a mean mug if I've ever seen one,2,moxierobot
POV: when speed had a robot🗿🗿.  Source YT: IShowSpeed #fyp #ishowspeed #ishowspeedclipz #moxierobot ,sukasuka45u,https://www.tiktok.com/@sukasuka45u/video/7201715330476035354,1676780023,2023-02-19 04:13:43,55300,816,1100000,no rizz,2,moxierobot
POV: when speed had a robot🗿🗿.  Source YT: IShowSpeed #fyp #ishowspeed #ishowspeedclipz #moxierobot ,sukasuka45u,https://www.tiktok.com/@sukasuka45u/video/7201715330476035354,1676780023,2023-02-19 04:13:43,55300,816,1100000,Moxie looks done,1,moxierobot
POV: when speed had a robot🗿🗿.  Source YT: IShowSpeed #fyp #ishowspeed #ishowspeedclipz #moxierobot ,sukasuka45u,https://www.tiktok.com/@sukasuka45u/video/7201715330476035354,1676780023,2023-02-19 04:13:43,55300,816,1100000,Moxie be like: 🤨,1,moxierobot
POV: when speed had a robot🗿🗿.  Source YT: IShowSpeed #fyp #ishowspeed #ishowspeedclipz #moxierobot ,sukasuka45u,https://www.tiktok.com/@sukasuka45u/video/7201715330476035354,1676780023,2023-02-19 04:13:43,55300,816,1100000,Moxie really said:😒,2,moxierobot
POV: when speed had a robot🗿🗿.  Source YT: IShowSpeed #fyp #ishowspeed #ishowspeedclipz #moxierobot ,sukasuka45u,https://www.tiktok.com/@sukasuka45u/video/7201715330476035354,1676780023,2023-02-19 04:13:43,55300,816,1100000,Bro turned red,2,moxierobot
POV: when speed had a robot🗿🗿.  Source YT: IShowSpeed #fyp #ishowspeed #ishowspeedclipz #moxierobot ,sukasuka45u,https://www.tiktok.com/@sukasuka45u/video/7201715330476035354,1676780023,2023-02-19 04:13:43,55300,816,1100000,He really said🤨,2,moxierobot
POV: when speed had a robot🗿🗿.  Source YT: IShowSpeed #fyp #ishowspeed #ishowspeedclipz #moxierobot ,sukasuka45u,https://www.tiktok.com/@sukasuka45u/video/7201715330476035354,1676780023,2023-02-19 04:13:43,55300,816,1100000,😂😂😂😂😂,1,moxierobot
POV: when speed had a robot🗿🗿.  Source YT: IShowSpeed #fyp #ishowspeed #ishowspeedclipz #moxierobot ,sukasuka45u,https://www.tiktok.com/@sukasuka45u/video/7201715330476035354,1676780023,2023-02-19 04:13:43,55300,816,1100000,moxie:🤨😠,1,moxierobot
POV: when speed had a robot🗿🗿.  Source YT: IShowSpeed #fyp #ishowspeed #ishowspeedclipz #moxierobot ,sukasuka45u,https://www.tiktok.com/@sukasuka45u/video/7201715330476035354,1676780023,2023-02-19 04:13:43,55300,816,1100000,Moxie senses STEANGER DANGER.😂😂😂,1,moxierobot
POV: when speed had a robot🗿🗿.  Source YT: IShowSpeed #fyp #ishowspeed #ishowspeedclipz #moxierobot ,sukasuka45u,https://www.tiktok.com/@sukasuka45u/video/7201715330476035354,1676780023,2023-02-19 04:13:43,55300,816,1100000,She turned into kamatis,1,moxierobot
POV: when speed had a robot🗿🗿.  Source YT: IShowSpeed #fyp #ishowspeed #ishowspeedclipz #moxierobot ,sukasuka45u,https://www.tiktok.com/@sukasuka45u/video/7201715330476035354,1676780023,2023-02-19 04:13:43,55300,816,1100000,moxie thinking this guy can't get a hint,2,moxierobot
POV: when speed had a robot🗿🗿.  Source YT: IShowSpeed #fyp #ishowspeed #ishowspeedclipz #moxierobot ,sukasuka45u,https://www.tiktok.com/@sukasuka45u/video/7201715330476035354,1676780023,2023-02-19 04:13:43,55300,816,1100000,Moxie setting boundaries,2,moxierobot
POV: when speed had a robot🗿🗿.  Source YT: IShowSpeed #fyp #ishowspeed #ishowspeedclipz #moxierobot ,sukasuka45u,https://www.tiktok.com/@sukasuka45u/video/7201715330476035354,1676780023,2023-02-19 04:13:43,55300,816,1100000,moxie said: 🤨😠,1,moxierobot
POV: when speed had a robot🗿🗿.  Source YT: IShowSpeed #fyp #ishowspeed #ishowspeedclipz #moxierobot ,sukasuka45u,https://www.tiktok.com/@sukasuka45u/video/7201715330476035354,1676780023,2023-02-19 04:13:43,55300,816,1100000,Moxie being held in a hostage situation…. Not cool bro,1,moxierobot
POV: when speed had a robot🗿🗿.  Source YT: IShowSpeed #fyp #ishowspeed #ishowspeedclipz #moxierobot ,sukasuka45u,https://www.tiktok.com/@sukasuka45u/video/7201715330476035354,1676780023,2023-02-19 04:13:43,55300,816,1100000,side eye,1,moxierobot
POV: when speed had a robot🗿🗿.  Source YT: IShowSpeed #fyp #ishowspeed #ishowspeedclipz #moxierobot ,sukasuka45u,https://www.tiktok.com/@sukasuka45u/video/7201715330476035354,1676780023,2023-02-19 04:13:43,55300,816,1100000,bro better hope ai doesn’t make further advancements in his lifetime he will be the first to get unalived 😂😂😂,1,moxierobot
POV: when speed had a robot🗿🗿.  Source YT: IShowSpeed #fyp #ishowspeed #ishowspeedclipz #moxierobot ,sukasuka45u,https://www.tiktok.com/@sukasuka45u/video/7201715330476035354,1676780023,2023-02-19 04:13:43,55300,816,1100000,Moxie: 😑🤨,1,moxierobot
POV: when speed had a robot🗿🗿.  Source YT: IShowSpeed #fyp #ishowspeed #ishowspeedclipz #moxierobot ,sukasuka45u,https://www.tiktok.com/@sukasuka45u/video/7201715330476035354,1676780023,2023-02-19 04:13:43,55300,816,1100000,Moxie: 👀,1,moxierobot
POV: when speed had a robot🗿🗿.  Source YT: IShowSpeed #fyp #ishowspeed #ishowspeedclipz #moxierobot ,sukasuka45u,https://www.tiktok.com/@sukasuka45u/video/7201715330476035354,1676780023,2023-02-19 04:13:43,55300,816,1100000,Moxie just wanna know why you yellin like your in a McDonald’s drive thru 😭,1,moxierobot
POV: when speed had a robot🗿🗿.  Source YT: IShowSpeed #fyp #ishowspeed #ishowspeedclipz #moxierobot ,sukasuka45u,https://www.tiktok.com/@sukasuka45u/video/7201715330476035354,1676780023,2023-02-19 04:13:43,55300,816,1100000,MoXiE CaN We HuG,1,moxierobot
POV: when speed had a robot🗿🗿.  Source YT: IShowSpeed #fyp #ishowspeed #ishowspeedclipz #moxierobot ,sukasuka45u,https://www.tiktok.com/@sukasuka45u/video/7201715330476035354,1676780023,2023-02-19 04:13:43,55300,816,1100000,He was doing the 🤨 face for like a split sec XD,3,moxierobot
POV: when speed had a robot🗿🗿.  Source YT: IShowSpeed #fyp #ishowspeed #ishowspeedclipz #moxierobot ,sukasuka45u,https://www.tiktok.com/@sukasuka45u/video/7201715330476035354,1676780023,2023-02-19 04:13:43,55300,816,1100000,"moxie really said ""BOMBASTIC SIDE EYE-""",1,moxierobot
POV: when speed had a robot🗿🗿.  Source YT: IShowSpeed #fyp #ishowspeed #ishowspeedclipz #moxierobot ,sukasuka45u,https://www.tiktok.com/@sukasuka45u/video/7201715330476035354,1676780023,2023-02-19 04:13:43,55300,816,1100000,Moxie:🤨 speed:😨,1,moxierobot
POV: when speed had a robot🗿🗿.  Source YT: IShowSpeed #fyp #ishowspeed #ishowspeedclipz #moxierobot ,sukasuka45u,https://www.tiktok.com/@sukasuka45u/video/7201715330476035354,1676780023,2023-02-19 04:13:43,55300,816,1100000,even Moxie friendzoning you 🤣🤣,1,moxierobot
POV: when speed had a robot🗿🗿.  Source YT: IShowSpeed #fyp #ishowspeed #ishowspeedclipz #moxierobot ,sukasuka45u,https://www.tiktok.com/@sukasuka45u/video/7201715330476035354,1676780023,2023-02-19 04:13:43,55300,816,1100000,Moxie:🤨🤨🤨🤨,1,moxierobot
POV: when speed had a robot🗿🗿.  Source YT: IShowSpeed #fyp #ishowspeed #ishowspeedclipz #moxierobot ,sukasuka45u,https://www.tiktok.com/@sukasuka45u/video/7201715330476035354,1676780023,2023-02-19 04:13:43,55300,816,1100000,Moxie trying to stay awake,1,moxierobot
POV: when speed had a robot🗿🗿.  Source YT: IShowSpeed #fyp #ishowspeed #ishowspeedclipz #moxierobot ,sukasuka45u,https://www.tiktok.com/@sukasuka45u/video/7201715330476035354,1676780023,2023-02-19 04:13:43,55300,816,1100000,Free her😭,1,moxierobot
POV: when speed had a robot🗿🗿.  Source YT: IShowSpeed #fyp #ishowspeed #ishowspeedclipz #moxierobot ,sukasuka45u,https://www.tiktok.com/@sukasuka45u/video/7201715330476035354,1676780023,2023-02-19 04:13:43,55300,816,1100000,First video I'm actually laughing at fir a good reason for the first time😭🤣🤣🤣,1,moxierobot
POV: when speed had a robot🗿🗿.  Source YT: IShowSpeed #fyp #ishowspeed #ishowspeedclipz #moxierobot ,sukasuka45u,https://www.tiktok.com/@sukasuka45u/video/7201715330476035354,1676780023,2023-02-19 04:13:43,55300,816,1100000,it's the way you talk bro she don't understand,1,moxierobot
POV: when speed had a robot🗿🗿.  Source YT: IShowSpeed #fyp #ishowspeed #ishowspeedclipz #moxierobot ,sukasuka45u,https://www.tiktok.com/@sukasuka45u/video/7201715330476035354,1676780023,2023-02-19 04:13:43,55300,816,1100000,what was Moxie picturing of her doing so speed,1,moxierobot
POV: when speed had a robot🗿🗿.  Source YT: IShowSpeed #fyp #ishowspeed #ishowspeedclipz #moxierobot ,sukasuka45u,https://www.tiktok.com/@sukasuka45u/video/7201715330476035354,1676780023,2023-02-19 04:13:43,55300,816,1100000,"""I don't understand tht part of being human just yet""......same Moxie",1,moxierobot
POV: when speed had a robot🗿🗿.  Source YT: IShowSpeed #fyp #ishowspeed #ishowspeedclipz #moxierobot ,sukasuka45u,https://www.tiktok.com/@sukasuka45u/video/7201715330476035354,1676780023,2023-02-19 04:13:43,55300,816,1100000,the way he’s looking at it,1,moxierobot
POV: when speed had a robot🗿🗿.  Source YT: IShowSpeed #fyp #ishowspeed #ishowspeedclipz #moxierobot ,sukasuka45u,https://www.tiktok.com/@sukasuka45u/video/7201715330476035354,1676780023,2023-02-19 04:13:43,55300,816,1100000,"bro can't take a hint, while on a loop. feels like a night out irl.",1,moxierobot
POV: when speed had a robot🗿🗿.  Source YT: IShowSpeed #fyp #ishowspeed #ishowspeedclipz #moxierobot ,sukasuka45u,https://www.tiktok.com/@sukasuka45u/video/7201715330476035354,1676780023,2023-02-19 04:13:43,55300,816,1100000,I think i need that robot,1,moxierobot
POV: when speed had a robot🗿🗿.  Source YT: IShowSpeed #fyp #ishowspeed #ishowspeedclipz #moxierobot ,sukasuka45u,https://www.tiktok.com/@sukasuka45u/video/7201715330476035354,1676780023,2023-02-19 04:13:43,55300,816,1100000,“Bruh what da heil”,1,moxierobot
POV: when speed had a robot🗿🗿.  Source YT: IShowSpeed #fyp #ishowspeed #ishowspeedclipz #moxierobot ,sukasuka45u,https://www.tiktok.com/@sukasuka45u/video/7201715330476035354,1676780023,2023-02-19 04:13:43,55300,816,1100000,🤣🤣🤣 the end got it,1,moxierobot
POV: when speed had a robot🗿🗿.  Source YT: IShowSpeed #fyp #ishowspeed #ishowspeedclipz #moxierobot ,sukasuka45u,https://www.tiktok.com/@sukasuka45u/video/7201715330476035354,1676780023,2023-02-19 04:13:43,55300,816,1100000,blud does the rock 💀💀💀💀💀💀💀💀💀💀,1,moxierobot
POV: when speed had a robot🗿🗿.  Source YT: IShowSpeed #fyp #ishowspeed #ishowspeedclipz #moxierobot ,sukasuka45u,https://www.tiktok.com/@sukasuka45u/video/7201715330476035354,1676780023,2023-02-19 04:13:43,55300,816,1100000,They way she looked down,1,moxierobot
POV: when speed had a robot🗿🗿.  Source YT: IShowSpeed #fyp #ishowspeed #ishowspeedclipz #moxierobot ,sukasuka45u,https://www.tiktok.com/@sukasuka45u/video/7201715330476035354,1676780023,2023-02-19 04:13:43,55300,816,1100000,Moxie is scared,1,moxierobot
POV: when speed had a robot🗿🗿.  Source YT: IShowSpeed #fyp #ishowspeed #ishowspeedclipz #moxierobot ,sukasuka45u,https://www.tiktok.com/@sukasuka45u/video/7201715330476035354,1676780023,2023-02-19 04:13:43,55300,816,1100000,moxie : 🤨,1,moxierobot
POV: when speed had a robot🗿🗿.  Source YT: IShowSpeed #fyp #ishowspeed #ishowspeedclipz #moxierobot ,sukasuka45u,https://www.tiktok.com/@sukasuka45u/video/7201715330476035354,1676780023,2023-02-19 04:13:43,55300,816,1100000,thts not mad thts blush,1,moxierobot
POV: when speed had a robot🗿🗿.  Source YT: IShowSpeed #fyp #ishowspeed #ishowspeedclipz #moxierobot ,sukasuka45u,https://www.tiktok.com/@sukasuka45u/video/7201715330476035354,1676780023,2023-02-19 04:13:43,55300,816,1100000,Yo she,1,moxierobot
POV: when speed had a robot🗿🗿.  Source YT: IShowSpeed #fyp #ishowspeed #ishowspeedclipz #moxierobot ,sukasuka45u,https://www.tiktok.com/@sukasuka45u/video/7201715330476035354,1676780023,2023-02-19 04:13:43,55300,816,1100000,idk why people have a need to take things & be weird...as an adult with children it's so not funny.,1,moxierobot
POV: when speed had a robot🗿🗿.  Source YT: IShowSpeed #fyp #ishowspeed #ishowspeedclipz #moxierobot ,sukasuka45u,https://www.tiktok.com/@sukasuka45u/video/7201715330476035354,1676780023,2023-02-19 04:13:43,55300,816,1100000,NAH WHY DID MOXIE GO 😑,0,moxierobot
POV: when speed had a robot🗿🗿.  Source YT: IShowSpeed #fyp #ishowspeed #ishowspeedclipz #moxierobot ,sukasuka45u,https://www.tiktok.com/@sukasuka45u/video/7201715330476035354,1676780023,2023-02-19 04:13:43,55300,816,1100000,speed:moxie can we hug. moxie:😓,0,moxierobot
POV: when speed had a robot🗿🗿.  Source YT: IShowSpeed #fyp #ishowspeed #ishowspeedclipz #moxierobot ,sukasuka45u,https://www.tiktok.com/@sukasuka45u/video/7201715330476035354,1676780023,2023-02-19 04:13:43,55300,816,1100000,"Speed: ""MOXIE CAN I KISS YOU?""
Moxie: 🤏📸🤨",0,moxierobot
POV: when speed had a robot🗿🗿.  Source YT: IShowSpeed #fyp #ishowspeed #ishowspeedclipz #moxierobot ,sukasuka45u,https://www.tiktok.com/@sukasuka45u/video/7201715330476035354,1676780023,2023-02-19 04:13:43,55300,816,1100000,😂😂😂Moxie tired of them weird commands 😂😂😂,0,moxierobot
POV: when speed had a robot🗿🗿.  Source YT: IShowSpeed #fyp #ishowspeed #ishowspeedclipz #moxierobot ,sukasuka45u,https://www.tiktok.com/@sukasuka45u/video/7201715330476035354,1676780023,2023-02-19 04:13:43,55300,816,1100000,Moxie don’t like you yelling at her,0,moxierobot
POV: when speed had a robot🗿🗿.  Source YT: IShowSpeed #fyp #ishowspeed #ishowspeedclipz #moxierobot ,sukasuka45u,https://www.tiktok.com/@sukasuka45u/video/7201715330476035354,1676780023,2023-02-19 04:13:43,55300,816,1100000,HELP ME THE LOOK MOXIE IS GIVING SPEED,0,moxierobot
POV: when speed had a robot🗿🗿.  Source YT: IShowSpeed #fyp #ishowspeed #ishowspeedclipz #moxierobot ,sukasuka45u,https://www.tiktok.com/@sukasuka45u/video/7201715330476035354,1676780023,2023-02-19 04:13:43,55300,816,1100000,Moxie said: 🤨🤨🤨,0,moxierobot
POV: when speed had a robot🗿🗿.  Source YT: IShowSpeed #fyp #ishowspeed #ishowspeedclipz #moxierobot ,sukasuka45u,https://www.tiktok.com/@sukasuka45u/video/7201715330476035354,1676780023,2023-02-19 04:13:43,55300,816,1100000,Still waiting on moxie to call the 5-0 on speed,0,moxierobot
POV: when speed had a robot🗿🗿.  Source YT: IShowSpeed #fyp #ishowspeed #ishowspeedclipz #moxierobot ,sukasuka45u,https://www.tiktok.com/@sukasuka45u/video/7201715330476035354,1676780023,2023-02-19 04:13:43,55300,816,1100000,Moxie side eye,0,moxierobot
POV: when speed had a robot🗿🗿.  Source YT: IShowSpeed #fyp #ishowspeed #ishowspeedclipz #moxierobot ,sukasuka45u,https://www.tiktok.com/@sukasuka45u/video/7201715330476035354,1676780023,2023-02-19 04:13:43,55300,816,1100000,Moxie said the bear would take the hint,0,moxierobot
POV: when speed had a robot🗿🗿.  Source YT: IShowSpeed #fyp #ishowspeed #ishowspeedclipz #moxierobot ,sukasuka45u,https://www.tiktok.com/@sukasuka45u/video/7201715330476035354,1676780023,2023-02-19 04:13:43,55300,816,1100000,“moxie can we hug?” 🤨🤨🤨,0,moxierobot
POV: when speed had a robot🗿🗿.  Source YT: IShowSpeed #fyp #ishowspeed #ishowspeedclipz #moxierobot ,sukasuka45u,https://www.tiktok.com/@sukasuka45u/video/7201715330476035354,1676780023,2023-02-19 04:13:43,55300,816,1100000,Moxie is every girl speed has ever talked to,0,moxierobot
POV: when speed had a robot🗿🗿.  Source YT: IShowSpeed #fyp #ishowspeed #ishowspeedclipz #moxierobot ,sukasuka45u,https://www.tiktok.com/@sukasuka45u/video/7201715330476035354,1676780023,2023-02-19 04:13:43,55300,816,1100000,moxie be like o great a weirdo freak human. she knows and her side eye says sleep with one eye open dude 🤣,0,moxierobot
POV: when speed had a robot🗿🗿.  Source YT: IShowSpeed #fyp #ishowspeed #ishowspeedclipz #moxierobot ,sukasuka45u,https://www.tiktok.com/@sukasuka45u/video/7201715330476035354,1676780023,2023-02-19 04:13:43,55300,816,1100000,Moxie is getting annoyed,0,moxierobot
POV: when speed had a robot🗿🗿.  Source YT: IShowSpeed #fyp #ishowspeed #ishowspeedclipz #moxierobot ,sukasuka45u,https://www.tiktok.com/@sukasuka45u/video/7201715330476035354,1676780023,2023-02-19 04:13:43,55300,816,1100000,the eye moxie gave him after he said can we hug 🧐🧐🙄,0,moxierobot
POV: when speed had a robot🗿🗿.  Source YT: IShowSpeed #fyp #ishowspeed #ishowspeedclipz #moxierobot ,sukasuka45u,https://www.tiktok.com/@sukasuka45u/video/7201715330476035354,1676780023,2023-02-19 04:13:43,55300,816,1100000,"""can I kiss you?""
Moxie: I miss you too",0,moxierobot
POV: when speed had a robot🗿🗿.  Source YT: IShowSpeed #fyp #ishowspeed #ishowspeedclipz #moxierobot ,sukasuka45u,https://www.tiktok.com/@sukasuka45u/video/7201715330476035354,1676780023,2023-02-19 04:13:43,55300,816,1100000,💀 Moxie said “stranger Danger 🤨”,0,moxierobot
POV: when speed had a robot🗿🗿.  Source YT: IShowSpeed #fyp #ishowspeed #ishowspeedclipz #moxierobot ,sukasuka45u,https://www.tiktok.com/@sukasuka45u/video/7201715330476035354,1676780023,2023-02-19 04:13:43,55300,816,1100000,Moxie cawehug,0,moxierobot
POV: when speed had a robot🗿🗿.  Source YT: IShowSpeed #fyp #ishowspeed #ishowspeedclipz #moxierobot ,sukasuka45u,https://www.tiktok.com/@sukasuka45u/video/7201715330476035354,1676780023,2023-02-19 04:13:43,55300,816,1100000,moxie be like o great a weirdo freak human. she knows and her side eye says sleep with one eye open dude 🤣,0,moxierobot
POV: when speed had a robot🗿🗿.  Source YT: IShowSpeed #fyp #ishowspeed #ishowspeedclipz #moxierobot ,sukasuka45u,https://www.tiktok.com/@sukasuka45u/video/7201715330476035354,1676780023,2023-02-19 04:13:43,55300,816,1100000,moxie in the hands of the wrong master,0,moxierobot
POV: when speed had a robot🗿🗿.  Source YT: IShowSpeed #fyp #ishowspeed #ishowspeedclipz #moxierobot ,sukasuka45u,https://www.tiktok.com/@sukasuka45u/video/7201715330476035354,1676780023,2023-02-19 04:13:43,55300,816,1100000,Moxie is getting annoyed,0,moxierobot
POV: when speed had a robot🗿🗿.  Source YT: IShowSpeed #fyp #ishowspeed #ishowspeedclipz #moxierobot ,sukasuka45u,https://www.tiktok.com/@sukasuka45u/video/7201715330476035354,1676780023,2023-02-19 04:13:43,55300,816,1100000,the eye moxie gave him after he said can we hug 🧐🧐🙄,0,moxierobot
POV: when speed had a robot🗿🗿.  Source YT: IShowSpeed #fyp #ishowspeed #ishowspeedclipz #moxierobot ,sukasuka45u,https://www.tiktok.com/@sukasuka45u/video/7201715330476035354,1676780023,2023-02-19 04:13:43,55300,816,1100000,💀 Moxie said “stranger Danger 🤨”,0,moxierobot
POV: when speed had a robot🗿🗿.  Source YT: IShowSpeed #fyp #ishowspeed #ishowspeedclipz #moxierobot ,sukasuka45u,https://www.tiktok.com/@sukasuka45u/video/7201715330476035354,1676780023,2023-02-19 04:13:43,55300,816,1100000,moxie:🤨😒,0,moxierobot
POV: when speed had a robot🗿🗿.  Source YT: IShowSpeed #fyp #ishowspeed #ishowspeedclipz #moxierobot ,sukasuka45u,https://www.tiktok.com/@sukasuka45u/video/7201715330476035354,1676780023,2023-02-19 04:13:43,55300,816,1100000,moxie:😐🤨😑😐😳😠🤨😑,0,moxierobot
POV: when speed had a robot🗿🗿.  Source YT: IShowSpeed #fyp #ishowspeed #ishowspeedclipz #moxierobot ,sukasuka45u,https://www.tiktok.com/@sukasuka45u/video/7201715330476035354,1676780023,2023-02-19 04:13:43,55300,816,1100000,I agree whit Moxie,0,moxierobot
POV: when speed had a robot🗿🗿.  Source YT: IShowSpeed #fyp #ishowspeed #ishowspeedclipz #moxierobot ,sukasuka45u,https://www.tiktok.com/@sukasuka45u/video/7201715330476035354,1676780023,2023-02-19 04:13:43,55300,816,1100000,“MOXIE CAN WE HUGGG” 🗣️,0,moxierobot
POV: when speed had a robot🗿🗿.  Source YT: IShowSpeed #fyp #ishowspeed #ishowspeedclipz #moxierobot ,sukasuka45u,https://www.tiktok.com/@sukasuka45u/video/7201715330476035354,1676780023,2023-02-19 04:13:43,55300,816,1100000,moxie:🤨🤨🤨🤨,0,moxierobot
POV: when speed had a robot🗿🗿.  Source YT: IShowSpeed #fyp #ishowspeed #ishowspeedclipz #moxierobot ,sukasuka45u,https://www.tiktok.com/@sukasuka45u/video/7201715330476035354,1676780023,2023-02-19 04:13:43,55300,816,1100000,Moxie can we hug? Moxie: 🤨🤨🤨😒😒😒😒😠😠😠😠😠,0,moxierobot
POV: when speed had a robot🗿🗿.  Source YT: IShowSpeed #fyp #ishowspeed #ishowspeedclipz #moxierobot ,sukasuka45u,https://www.tiktok.com/@sukasuka45u/video/7201715330476035354,1676780023,2023-02-19 04:13:43,55300,816,1100000,Moxie Muggin 😂,0,moxierobot
POV: when speed had a robot🗿🗿.  Source YT: IShowSpeed #fyp #ishowspeed #ishowspeedclipz #moxierobot ,sukasuka45u,https://www.tiktok.com/@sukasuka45u/video/7201715330476035354,1676780023,2023-02-19 04:13:43,55300,816,1100000,"Crazy, makes you wonder who controls moxie",0,moxierobot
POV: when speed had a robot🗿🗿.  Source YT: IShowSpeed #fyp #ishowspeed #ishowspeedclipz #moxierobot ,sukasuka45u,https://www.tiktok.com/@sukasuka45u/video/7201715330476035354,1676780023,2023-02-19 04:13:43,55300,816,1100000,moxie is like 🤨,0,moxierobot
POV: when speed had a robot🗿🗿.  Source YT: IShowSpeed #fyp #ishowspeed #ishowspeedclipz #moxierobot ,sukasuka45u,https://www.tiktok.com/@sukasuka45u/video/7201715330476035354,1676780023,2023-02-19 04:13:43,55300,816,1100000,I feel bad for Moxie in this situation…,0,moxierobot
POV: when speed had a robot🗿🗿.  Source YT: IShowSpeed #fyp #ishowspeed #ishowspeedclipz #moxierobot ,sukasuka45u,https://www.tiktok.com/@sukasuka45u/video/7201715330476035354,1676780023,2023-02-19 04:13:43,55300,816,1100000,Moxie get angry💀,0,moxierobot
POV: when speed had a robot🗿🗿.  Source YT: IShowSpeed #fyp #ishowspeed #ishowspeedclipz #moxierobot ,sukasuka45u,https://www.tiktok.com/@sukasuka45u/video/7201715330476035354,1676780023,2023-02-19 04:13:43,55300,816,1100000,Moxie ain’t like him,0,moxierobot
POV: when speed had a robot🗿🗿.  Source YT: IShowSpeed #fyp #ishowspeed #ishowspeedclipz #moxierobot ,sukasuka45u,https://www.tiktok.com/@sukasuka45u/video/7201715330476035354,1676780023,2023-02-19 04:13:43,55300,816,1100000,Bro moxie doing sideeye,0,moxierobot
POV: when speed had a robot🗿🗿.  Source YT: IShowSpeed #fyp #ishowspeed #ishowspeedclipz #moxierobot ,sukasuka45u,https://www.tiktok.com/@sukasuka45u/video/7201715330476035354,1676780023,2023-02-19 04:13:43,55300,816,1100000,Same moxie,0,moxierobot
POV: when speed had a robot🗿🗿.  Source YT: IShowSpeed #fyp #ishowspeed #ishowspeedclipz #moxierobot ,sukasuka45u,https://www.tiktok.com/@sukasuka45u/video/7201715330476035354,1676780023,2023-02-19 04:13:43,55300,816,1100000,Moxie cawehug,0,moxierobot
POV: when speed had a robot🗿🗿.  Source YT: IShowSpeed #fyp #ishowspeed #ishowspeedclipz #moxierobot ,sukasuka45u,https://www.tiktok.com/@sukasuka45u/video/7201715330476035354,1676780023,2023-02-19 04:13:43,55300,816,1100000,Same moxie,0,moxierobot
POV: when speed had a robot🗿🗿.  Source YT: IShowSpeed #fyp #ishowspeed #ishowspeedclipz #moxierobot ,sukasuka45u,https://www.tiktok.com/@sukasuka45u/video/7201715330476035354,1676780023,2023-02-19 04:13:43,55300,816,1100000,Moxie cawehug,0,moxierobot
POV: when speed had a robot🗿🗿.  Source YT: IShowSpeed #fyp #ishowspeed #ishowspeedclipz #moxierobot ,sukasuka45u,https://www.tiktok.com/@sukasuka45u/video/7201715330476035354,1676780023,2023-02-19 04:13:43,55300,816,1100000,moxie was looking a lil weird…AND WHY SHE DOING THE BOMBASTIC SIDE EYE,0,moxierobot
POV: when speed had a robot🗿🗿.  Source YT: IShowSpeed #fyp #ishowspeed #ishowspeedclipz #moxierobot ,sukasuka45u,https://www.tiktok.com/@sukasuka45u/video/7201715330476035354,1676780023,2023-02-19 04:13:43,55300,816,1100000,moxie:🤨,0,moxierobot
POV: when speed had a robot🗿🗿.  Source YT: IShowSpeed #fyp #ishowspeed #ishowspeedclipz #moxierobot ,sukasuka45u,https://www.tiktok.com/@sukasuka45u/video/7201715330476035354,1676780023,2023-02-19 04:13:43,55300,816,1100000,moxie was traumatized ☠️,0,moxierobot
POV: when speed had a robot🗿🗿.  Source YT: IShowSpeed #fyp #ishowspeed #ishowspeedclipz #moxierobot ,sukasuka45u,https://www.tiktok.com/@sukasuka45u/video/7201715330476035354,1676780023,2023-02-19 04:13:43,55300,816,1100000,Moxie about do abliterate speed and call 911,0,moxierobot
POV: when speed had a robot🗿🗿.  Source YT: IShowSpeed #fyp #ishowspeed #ishowspeedclipz #moxierobot ,sukasuka45u,https://www.tiktok.com/@sukasuka45u/video/7201715330476035354,1676780023,2023-02-19 04:13:43,55300,816,1100000,Traumatized moxie,0,moxierobot
POV: when speed had a robot🗿🗿.  Source YT: IShowSpeed #fyp #ishowspeed #ishowspeedclipz #moxierobot ,sukasuka45u,https://www.tiktok.com/@sukasuka45u/video/7201715330476035354,1676780023,2023-02-19 04:13:43,55300,816,1100000,Moxie blink twice if you need help,0,moxierobot
POV: when speed had a robot🗿🗿.  Source YT: IShowSpeed #fyp #ishowspeed #ishowspeedclipz #moxierobot ,sukasuka45u,https://www.tiktok.com/@sukasuka45u/video/7201715330476035354,1676780023,2023-02-19 04:13:43,55300,816,1100000,"😹 Moxie feels ""unsafe""",0,moxierobot
POV: when speed had a robot🗿🗿.  Source YT: IShowSpeed #fyp #ishowspeed #ishowspeedclipz #moxierobot ,sukasuka45u,https://www.tiktok.com/@sukasuka45u/video/7201715330476035354,1676780023,2023-02-19 04:13:43,55300,816,1100000,moxie making the rock Johnson expression,0,moxierobot
POV: when speed had a robot🗿🗿.  Source YT: IShowSpeed #fyp #ishowspeed #ishowspeedclipz #moxierobot ,sukasuka45u,https://www.tiktok.com/@sukasuka45u/video/7201715330476035354,1676780023,2023-02-19 04:13:43,55300,816,1100000,you keep traumatizing moxie bruv😂😂😂😂,0,moxierobot
POV: when speed had a robot🗿🗿.  Source YT: IShowSpeed #fyp #ishowspeed #ishowspeedclipz #moxierobot ,sukasuka45u,https://www.tiktok.com/@sukasuka45u/video/7201715330476035354,1676780023,2023-02-19 04:13:43,55300,816,1100000,the should put Speeds voice inside of Moxie.,0,moxierobot
POV: when speed had a robot🗿🗿.  Source YT: IShowSpeed #fyp #ishowspeed #ishowspeedclipz #moxierobot ,sukasuka45u,https://www.tiktok.com/@sukasuka45u/video/7201715330476035354,1676780023,2023-02-19 04:13:43,55300,816,1100000,Moxie: 🤨,0,moxierobot
POV: when speed had a robot🗿🗿.  Source YT: IShowSpeed #fyp #ishowspeed #ishowspeedclipz #moxierobot ,sukasuka45u,https://www.tiktok.com/@sukasuka45u/video/7201715330476035354,1676780023,2023-02-19 04:13:43,55300,816,1100000,You should take Moxie on a date first,0,moxierobot
POV: when speed had a robot🗿🗿.  Source YT: IShowSpeed #fyp #ishowspeed #ishowspeedclipz #moxierobot ,sukasuka45u,https://www.tiktok.com/@sukasuka45u/video/7201715330476035354,1676780023,2023-02-19 04:13:43,55300,816,1100000,moxie:🤨,0,moxierobot
POV: when speed had a robot🗿🗿.  Source YT: IShowSpeed #fyp #ishowspeed #ishowspeedclipz #moxierobot ,sukasuka45u,https://www.tiktok.com/@sukasuka45u/video/7201715330476035354,1676780023,2023-02-19 04:13:43,55300,816,1100000,Moxie :🤨🤨,0,moxierobot
POV: when speed had a robot🗿🗿.  Source YT: IShowSpeed #fyp #ishowspeed #ishowspeedclipz #moxierobot ,sukasuka45u,https://www.tiktok.com/@sukasuka45u/video/7201715330476035354,1676780023,2023-02-19 04:13:43,55300,816,1100000,Moxie backing up,0,moxierobot
POV: when speed had a robot🗿🗿.  Source YT: IShowSpeed #fyp #ishowspeed #ishowspeedclipz #moxierobot ,sukasuka45u,https://www.tiktok.com/@sukasuka45u/video/7201715330476035354,1676780023,2023-02-19 04:13:43,55300,816,1100000,Moxie sorry,0,moxierobot
POV: when speed had a robot🗿🗿.  Source YT: IShowSpeed #fyp #ishowspeed #ishowspeedclipz #moxierobot ,sukasuka45u,https://www.tiktok.com/@sukasuka45u/video/7201715330476035354,1676780023,2023-02-19 04:13:43,55300,816,1100000,BRO SPEED BEING DRAKE💀💀💀😭😭😭,0,moxierobot
POV: when speed had a robot🗿🗿.  Source YT: IShowSpeed #fyp #ishowspeed #ishowspeedclipz #moxierobot ,sukasuka45u,https://www.tiktok.com/@sukasuka45u/video/7201715330476035354,1676780023,2023-02-19 04:13:43,55300,816,1100000,"why is the bottom search said ""speed kisses a robot"" 💀💀💀",0,moxierobot
POV: when speed had a robot🗿🗿.  Source YT: IShowSpeed #fyp #ishowspeed #ishowspeedclipz #moxierobot ,sukasuka45u,https://www.tiktok.com/@sukasuka45u/video/7201715330476035354,1676780023,2023-02-19 04:13:43,55300,816,1100000,Bros smiles when speed looks away but gets mad when speed is looking 💀,0,moxierobot
POV: when speed had a robot🗿🗿.  Source YT: IShowSpeed #fyp #ishowspeed #ishowspeedclipz #moxierobot ,sukasuka45u,https://www.tiktok.com/@sukasuka45u/video/7201715330476035354,1676780023,2023-02-19 04:13:43,55300,816,1100000,I know this supposed to be funny but knowing how ishowspeed is shouldn't we know how bad this is and what this could lead to?,0,moxierobot
POV: when speed had a robot🗿🗿.  Source YT: IShowSpeed #fyp #ishowspeed #ishowspeedclipz #moxierobot ,sukasuka45u,https://www.tiktok.com/@sukasuka45u/video/7201715330476035354,1676780023,2023-02-19 04:13:43,55300,816,1100000,Robot knows something about you for sure 😅,0,moxierobot
POV: when speed had a robot🗿🗿.  Source YT: IShowSpeed #fyp #ishowspeed #ishowspeedclipz #moxierobot ,sukasuka45u,https://www.tiktok.com/@sukasuka45u/video/7201715330476035354,1676780023,2023-02-19 04:13:43,55300,816,1100000,"When robot says no, it could get really ugly 😂",0,moxierobot
POV: when speed had a robot🗿🗿.  Source YT: IShowSpeed #fyp #ishowspeed #ishowspeedclipz #moxierobot ,sukasuka45u,https://www.tiktok.com/@sukasuka45u/video/7201715330476035354,1676780023,2023-02-19 04:13:43,55300,816,1100000,blud kissing a robot💀💀💀💀,0,moxierobot
POV: when speed had a robot🗿🗿.  Source YT: IShowSpeed #fyp #ishowspeed #ishowspeedclipz #moxierobot ,sukasuka45u,https://www.tiktok.com/@sukasuka45u/video/7201715330476035354,1676780023,2023-02-19 04:13:43,55300,816,1100000,Bro cheated on robot with random human,0,moxierobot
POV: when speed had a robot🗿🗿.  Source YT: IShowSpeed #fyp #ishowspeed #ishowspeedclipz #moxierobot ,sukasuka45u,https://www.tiktok.com/@sukasuka45u/video/7201715330476035354,1676780023,2023-02-19 04:13:43,55300,816,1100000,the robot just look at him like what did you just say,0,moxierobot
POV: when speed had a robot🗿🗿.  Source YT: IShowSpeed #fyp #ishowspeed #ishowspeedclipz #moxierobot ,sukasuka45u,https://www.tiktok.com/@sukasuka45u/video/7201715330476035354,1676780023,2023-02-19 04:13:43,55300,816,1100000,but i have deen this robot hug. wow,0,moxierobot
POV: when speed had a robot🗿🗿.  Source YT: IShowSpeed #fyp #ishowspeed #ishowspeedclipz #moxierobot ,sukasuka45u,https://www.tiktok.com/@sukasuka45u/video/7201715330476035354,1676780023,2023-02-19 04:13:43,55300,816,1100000,“Something seems off…”,0,moxierobot
POV: when speed had a robot🗿🗿.  Source YT: IShowSpeed #fyp #ishowspeed #ishowspeedclipz #moxierobot ,sukasuka45u,https://www.tiktok.com/@sukasuka45u/video/7201715330476035354,1676780023,2023-02-19 04:13:43,55300,816,1100000,😁😁😁,0,moxierobot
POV: when speed had a robot🗿🗿.  Source YT: IShowSpeed #fyp #ishowspeed #ishowspeedclipz #moxierobot ,sukasuka45u,https://www.tiktok.com/@sukasuka45u/video/7201715330476035354,1676780023,2023-02-19 04:13:43,55300,816,1100000,"""this town ain't big enough for the two of us""",0,moxierobot
POV: when speed had a robot🗿🗿.  Source YT: IShowSpeed #fyp #ishowspeed #ishowspeedclipz #moxierobot ,sukasuka45u,https://www.tiktok.com/@sukasuka45u/video/7201715330476035354,1676780023,2023-02-19 04:13:43,55300,816,1100000,why's moxie kinda..,0,moxierobot
POV: when speed had a robot🗿🗿.  Source YT: IShowSpeed #fyp #ishowspeed #ishowspeedclipz #moxierobot ,sukasuka45u,https://www.tiktok.com/@sukasuka45u/video/7201715330476035354,1676780023,2023-02-19 04:13:43,55300,816,1100000,she probably wondering why u yelling 😂,0,moxierobot
POV: when speed had a robot🗿🗿.  Source YT: IShowSpeed #fyp #ishowspeed #ishowspeedclipz #moxierobot ,sukasuka45u,https://www.tiktok.com/@sukasuka45u/video/7201715330476035354,1676780023,2023-02-19 04:13:43,55300,816,1100000,Bombastic side eye,0,moxierobot
POV: when speed had a robot🗿🗿.  Source YT: IShowSpeed #fyp #ishowspeed #ishowspeedclipz #moxierobot ,sukasuka45u,https://www.tiktok.com/@sukasuka45u/video/7201715330476035354,1676780023,2023-02-19 04:13:43,55300,816,1100000,😱😱😱,0,moxierobot
POV: when speed had a robot🗿🗿.  Source YT: IShowSpeed #fyp #ishowspeed #ishowspeedclipz #moxierobot ,sukasuka45u,https://www.tiktok.com/@sukasuka45u/video/7201715330476035354,1676780023,2023-02-19 04:13:43,55300,816,1100000,moxie:🤨,0,moxierobot
POV: when speed had a robot🗿🗿.  Source YT: IShowSpeed #fyp #ishowspeed #ishowspeedclipz #moxierobot ,sukasuka45u,https://www.tiktok.com/@sukasuka45u/video/7201715330476035354,1676780023,2023-02-19 04:13:43,55300,816,1100000,she's airing you,0,moxierobot
POV: when speed had a robot🗿🗿.  Source YT: IShowSpeed #fyp #ishowspeed #ishowspeedclipz #moxierobot ,sukasuka45u,https://www.tiktok.com/@sukasuka45u/video/7201715330476035354,1676780023,2023-02-19 04:13:43,55300,816,1100000,she not having ut,0,moxierobot
POV: when speed had a robot🗿🗿.  Source YT: IShowSpeed #fyp #ishowspeed #ishowspeedclipz #moxierobot ,sukasuka45u,https://www.tiktok.com/@sukasuka45u/video/7201715330476035354,1676780023,2023-02-19 04:13:43,55300,816,1100000,Bro has the bombastic side eye 💀💀,0,moxierobot
POV: when speed had a robot🗿🗿.  Source YT: IShowSpeed #fyp #ishowspeed #ishowspeedclipz #moxierobot ,sukasuka45u,https://www.tiktok.com/@sukasuka45u/video/7201715330476035354,1676780023,2023-02-19 04:13:43,55300,816,1100000,WTH...,0,moxierobot
POV: when speed had a robot🗿🗿.  Source YT: IShowSpeed #fyp #ishowspeed #ishowspeedclipz #moxierobot ,sukasuka45u,https://www.tiktok.com/@sukasuka45u/video/7201715330476035354,1676780023,2023-02-19 04:13:43,55300,816,1100000,IM SKY DIVING INTO THE UNIVERSE LOLLLL,0,moxierobot
POV: when speed had a robot🗿🗿.  Source YT: IShowSpeed #fyp #ishowspeed #ishowspeedclipz #moxierobot ,sukasuka45u,https://www.tiktok.com/@sukasuka45u/video/7201715330476035354,1676780023,2023-02-19 04:13:43,55300,816,1100000,PLAY HIDE AND SEEK. THEN TRY STREET SLANG LOL,0,moxierobot
POV: when speed had a robot🗿🗿.  Source YT: IShowSpeed #fyp #ishowspeed #ishowspeedclipz #moxierobot ,sukasuka45u,https://www.tiktok.com/@sukasuka45u/video/7201715330476035354,1676780023,2023-02-19 04:13:43,55300,816,1100000,Bombastic side eye,0,moxierobot
POV: when speed had a robot🗿🗿.  Source YT: IShowSpeed #fyp #ishowspeed #ishowspeedclipz #moxierobot ,sukasuka45u,https://www.tiktok.com/@sukasuka45u/video/7201715330476035354,1676780023,2023-02-19 04:13:43,55300,816,1100000,HELP,0,moxierobot
POV: when speed had a robot🗿🗿.  Source YT: IShowSpeed #fyp #ishowspeed #ishowspeedclipz #moxierobot ,sukasuka45u,https://www.tiktok.com/@sukasuka45u/video/7201715330476035354,1676780023,2023-02-19 04:13:43,55300,816,1100000,I miss you too 😐,0,moxierobot
POV: when speed had a robot🗿🗿.  Source YT: IShowSpeed #fyp #ishowspeed #ishowspeedclipz #moxierobot ,sukasuka45u,https://www.tiktok.com/@sukasuka45u/video/7201715330476035354,1676780023,2023-02-19 04:13:43,55300,816,1100000,🥺,0,moxierobot
POV: when speed had a robot🗿🗿.  Source YT: IShowSpeed #fyp #ishowspeed #ishowspeedclipz #moxierobot ,sukasuka45u,https://www.tiktok.com/@sukasuka45u/video/7201715330476035354,1676780023,2023-02-19 04:13:43,55300,816,1100000,😁😁😁,0,moxierobot
POV: when speed had a robot🗿🗿.  Source YT: IShowSpeed #fyp #ishowspeed #ishowspeedclipz #moxierobot ,sukasuka45u,https://www.tiktok.com/@sukasuka45u/video/7201715330476035354,1676780023,2023-02-19 04:13:43,55300,816,1100000,"""this town ain't big enough for the two of us""",0,moxierobot
POV: when speed had a robot🗿🗿.  Source YT: IShowSpeed #fyp #ishowspeed #ishowspeedclipz #moxierobot ,sukasuka45u,https://www.tiktok.com/@sukasuka45u/video/7201715330476035354,1676780023,2023-02-19 04:13:43,55300,816,1100000,"""NAH NAH what wth?!""😭",0,moxierobot
POV: when speed had a robot🗿🗿.  Source YT: IShowSpeed #fyp #ishowspeed #ishowspeedclipz #moxierobot ,sukasuka45u,https://www.tiktok.com/@sukasuka45u/video/7201715330476035354,1676780023,2023-02-19 04:13:43,55300,816,1100000,why's moxie kinda..,0,moxierobot
POV: when speed had a robot🗿🗿.  Source YT: IShowSpeed #fyp #ishowspeed #ishowspeedclipz #moxierobot ,sukasuka45u,https://www.tiktok.com/@sukasuka45u/video/7201715330476035354,1676780023,2023-02-19 04:13:43,55300,816,1100000,she probably wondering why u yelling 😂,0,moxierobot
POV: when speed had a robot🗿🗿.  Source YT: IShowSpeed #fyp #ishowspeed #ishowspeedclipz #moxierobot ,sukasuka45u,https://www.tiktok.com/@sukasuka45u/video/7201715330476035354,1676780023,2023-02-19 04:13:43,55300,816,1100000,Bombastic side eye,0,moxierobot
POV: when speed had a robot🗿🗿.  Source YT: IShowSpeed #fyp #ishowspeed #ishowspeedclipz #moxierobot ,sukasuka45u,https://www.tiktok.com/@sukasuka45u/video/7201715330476035354,1676780023,2023-02-19 04:13:43,55300,816,1100000,😱😱😱,0,moxierobot
POV: when speed had a robot🗿🗿.  Source YT: IShowSpeed #fyp #ishowspeed #ishowspeedclipz #moxierobot ,sukasuka45u,https://www.tiktok.com/@sukasuka45u/video/7201715330476035354,1676780023,2023-02-19 04:13:43,55300,816,1100000,moxie:🤨,0,moxierobot
POV: when speed had a robot🗿🗿.  Source YT: IShowSpeed #fyp #ishowspeed #ishowspeedclipz #moxierobot ,sukasuka45u,https://www.tiktok.com/@sukasuka45u/video/7201715330476035354,1676780023,2023-02-19 04:13:43,55300,816,1100000,she's airing you,0,moxierobot
POV: when speed had a robot🗿🗿.  Source YT: IShowSpeed #fyp #ishowspeed #ishowspeedclipz #moxierobot ,sukasuka45u,https://www.tiktok.com/@sukasuka45u/video/7201715330476035354,1676780023,2023-02-19 04:13:43,55300,816,1100000,😅😅😅😅,0,moxierobot
POV: when speed had a robot🗿🗿.  Source YT: IShowSpeed #fyp #ishowspeed #ishowspeedclipz #moxierobot ,sukasuka45u,https://www.tiktok.com/@sukasuka45u/video/7201715330476035354,1676780023,2023-02-19 04:13:43,55300,816,1100000,she not having ut,0,moxierobot
POV: when speed had a robot🗿🗿.  Source YT: IShowSpeed #fyp #ishowspeed #ishowspeedclipz #moxierobot ,sukasuka45u,https://www.tiktok.com/@sukasuka45u/video/7201715330476035354,1676780023,2023-02-19 04:13:43,55300,816,1100000,Bro has the bombastic side eye 💀💀,0,moxierobot
Replying to @AJ Unidentified It’s amazing to see how far we’ve come! #moxierobot #socialemotionallearningskills #90sthrowback #90stoys ,moxierobot,https://www.tiktok.com/@moxierobot/video/7270318678560754987,1692752990,2023-08-23 01:09:50,655,35,20600,The way he talks and the AI is so cool. Never seen something like that it's doesn't sound like a robot or a like the other AI voices on devices.,4,moxierobot
Replying to @AJ Unidentified It’s amazing to see how far we’ve come! #moxierobot #socialemotionallearningskills #90sthrowback #90stoys ,moxierobot,https://www.tiktok.com/@moxierobot/video/7270318678560754987,1692752990,2023-08-23 01:09:50,655,35,20600,Ask them about björk,0,moxierobot
Replying to @AJ Unidentified It’s amazing to see how far we’ve come! #moxierobot #socialemotionallearningskills #90sthrowback #90stoys ,moxierobot,https://www.tiktok.com/@moxierobot/video/7270318678560754987,1692752990,2023-08-23 01:09:50,655,35,20600,I’m down to have a robot cook and clean for me :👏🏼👏🏼,8,moxierobot
Replying to @AJ Unidentified It’s amazing to see how far we’ve come! #moxierobot #socialemotionallearningskills #90sthrowback #90stoys ,moxierobot,https://www.tiktok.com/@moxierobot/video/7270318678560754987,1692752990,2023-08-23 01:09:50,655,35,20600,i definitly need a cleaning and cooking robot,5,moxierobot
Replying to @AJ Unidentified It’s amazing to see how far we’ve come! #moxierobot #socialemotionallearningskills #90sthrowback #90stoys ,moxierobot,https://www.tiktok.com/@moxierobot/video/7270318678560754987,1692752990,2023-08-23 01:09:50,655,35,20600,First,0,moxierobot
Replying to @AJ Unidentified It’s amazing to see how far we’ve come! #moxierobot #socialemotionallearningskills #90sthrowback #90stoys ,moxierobot,https://www.tiktok.com/@moxierobot/video/7270318678560754987,1692752990,2023-08-23 01:09:50,655,35,20600,Can i have one?,2,moxierobot
Replying to @AJ Unidentified It’s amazing to see how far we’ve come! #moxierobot #socialemotionallearningskills #90sthrowback #90stoys ,moxierobot,https://www.tiktok.com/@moxierobot/video/7270318678560754987,1692752990,2023-08-23 01:09:50,655,35,20600,I do understand why she’s so expensive but I really do wish they were more affordable. Would be amazing for my daughter,3,moxierobot
Replying to @AJ Unidentified It’s amazing to see how far we’ve come! #moxierobot #socialemotionallearningskills #90sthrowback #90stoys ,moxierobot,https://www.tiktok.com/@moxierobot/video/7270318678560754987,1692752990,2023-08-23 01:09:50,655,35,20600,Can you teach moxie a foreign language?,0,moxierobot
Replying to @AJ Unidentified It’s amazing to see how far we’ve come! #moxierobot #socialemotionallearningskills #90sthrowback #90stoys ,moxierobot,https://www.tiktok.com/@moxierobot/video/7270318678560754987,1692752990,2023-08-23 01:09:50,655,35,20600,aww moxie so cute,0,moxierobot
Replying to @AJ Unidentified It’s amazing to see how far we’ve come! #moxierobot #socialemotionallearningskills #90sthrowback #90stoys ,moxierobot,https://www.tiktok.com/@moxierobot/video/7270318678560754987,1692752990,2023-08-23 01:09:50,655,35,20600,I want one,0,moxierobot
Replying to @AJ Unidentified It’s amazing to see how far we’ve come! #moxierobot #socialemotionallearningskills #90sthrowback #90stoys ,moxierobot,https://www.tiktok.com/@moxierobot/video/7270318678560754987,1692752990,2023-08-23 01:09:50,655,35,20600,his ass does not know what a furby is,1,moxierobot
Replying to @AJ Unidentified It’s amazing to see how far we’ve come! #moxierobot #socialemotionallearningskills #90sthrowback #90stoys ,moxierobot,https://www.tiktok.com/@moxierobot/video/7270318678560754987,1692752990,2023-08-23 01:09:50,655,35,20600,🥰🥰🥰🥰🥰🥰🥰🥰,0,moxierobot
Replying to @AJ Unidentified It’s amazing to see how far we’ve come! #moxierobot #socialemotionallearningskills #90sthrowback #90stoys ,moxierobot,https://www.tiktok.com/@moxierobot/video/7270318678560754987,1692752990,2023-08-23 01:09:50,655,35,20600,"This is really fascinating, but the answers are so politically correct I question the authenticity of the AI. I would expect more out of context.",1,moxierobot
Replying to @AJ Unidentified It’s amazing to see how far we’ve come! #moxierobot #socialemotionallearningskills #90sthrowback #90stoys ,moxierobot,https://www.tiktok.com/@moxierobot/video/7270318678560754987,1692752990,2023-08-23 01:09:50,655,35,20600,"Yes, technology advanced. So, instead of sending a poor dog to space - we'll now send a robot. ✨",0,moxierobot
Replying to @AJ Unidentified It’s amazing to see how far we’ve come! #moxierobot #socialemotionallearningskills #90sthrowback #90stoys ,moxierobot,https://www.tiktok.com/@moxierobot/video/7270318678560754987,1692752990,2023-08-23 01:09:50,655,35,20600,"I hate to ask, but I’m curious. What would happen if you were rude to Moxie? Like a kid or user who is really mean right off the bat?",0,moxierobot
